#MESH      LOG P      LOG T    LOG RHO             MASSA            RAGGIO        LUMINOSITA                CP           OPACITA          PMOL     GR.ADIAB.   GR.RADIADT.     GR.SUPAD.         Gam.1          Cs^2        R/Rtot        EPSnuc
    1 20.1867983  7.5136900  4.5575156  2.7500294872E+26  8.4632521285E+06  1.0705176513E+26  7.1070483029E+07  4.6547934122E-01  1.338555E+00  3.886402E-01  9.682481E-02  0.000000E+00  1.658954E+00  7.065078E+15  4.220266E-05  1.053363E-15
    2 20.1865346  7.5136645  4.5573403  9.6251032053E+26  1.9354797724E+07  3.7468751518E+26  7.1077874395E+07  4.6566130597E-01  1.338555E+00  3.886400E-01  9.682827E-02  0.000000E+00  1.658957E+00  7.063656E+15  9.651420E-05  1.050787E-15
    3 20.1864315  7.5136545  4.5572717  2.0625221154E+27  2.4342138455E+07  8.0291560071E+26  7.1080764646E+07  4.6573350285E-01  1.338555E+00  3.886399E-01  9.683085E-02  0.000000E+00  1.658959E+00  7.063099E+15  1.213840E-04  1.052975E-15
    4 20.1862687  7.5136387  4.5571635  4.1250442309E+27  3.0222269568E+07  1.6058609448E+27  7.1085326748E+07  4.6584555774E-01  1.338555E+00  3.886398E-01  9.683371E-02  0.000000E+00  1.658961E+00  7.062221E+15  1.507057E-04  1.050494E-15
    5 20.1860810  7.5136206  4.5570387  6.8750737181E+27  3.5897964285E+07  2.6764784731E+27  7.1090587364E+07  4.6597477369E-01  1.338555E+00  3.886397E-01  9.683651E-02  0.000000E+00  1.658963E+00  7.061209E+15  1.790080E-04  1.047632E-15
    6 20.1858456  7.5135978  4.5568822  1.1000117949E+28  4.1737493387E+07  4.2824650502E+27  7.1097186042E+07  4.6613722854E-01  1.338555E+00  3.886395E-01  9.684035E-02  0.000000E+00  1.658966E+00  7.059939E+15  2.081272E-04  1.045137E-15
    7 20.1853816  7.5135528  4.5565736  2.0625221154E+28  5.1050147752E+07  8.0299969387E+27  7.1110193391E+07  4.6645752817E-01  1.338555E+00  3.886391E-01  9.684801E-02  0.000000E+00  1.658972E+00  7.057437E+15  2.545655E-04  1.040254E-15
    8 20.1845655  7.5134738  4.5560310  4.1250442309E+28  6.4246246623E+07  1.6061235835E+28  7.1133070759E+07  4.6702109346E-01  1.338555E+00  3.886385E-01  9.686097E-02  0.000000E+00  1.658982E+00  7.053038E+15  3.203689E-04  1.031825E-15
    9 20.1836523  7.5133853  4.5554238  6.8750737181E+28  7.6780778645E+07  2.6770723996E+28  7.1158673804E+07  4.6765207798E-01  1.338555E+00  3.886378E-01  9.687422E-02  0.000000E+00  1.658993E+00  7.048118E+15  3.828733E-04  1.022579E-15
   10 20.1825291  7.5132765  4.5546771  1.1000117949E+29  8.9554957915E+07  4.2837860022E+28  7.1190163264E+07  4.6842877902E-01  1.338555E+00  3.886369E-01  9.689220E-02  0.000000E+00  1.659007E+00  7.042070E+15  4.465727E-04  1.011865E-15
   11 20.1803355  7.5130637  4.5532191  2.0625221154E+29  1.0984734829E+08  8.0338751099E+28  7.1251660784E+07  4.6994706532E-01  1.338555E+00  3.886352E-01  9.692765E-02  0.000000E+00  1.659035E+00  7.030269E+15  5.477623E-04  9.912338E-16
   12 20.1764929  7.5126908  4.5506656  4.1250442309E+29  1.3856807717E+08  1.6073617037E+29  7.1359412589E+07  4.7261139926E-01  1.338555E+00  3.886321E-01  9.698635E-02  0.000000E+00  1.659083E+00  7.009634E+15  6.909804E-04  9.560781E-16
   13 20.1721896  7.5122735  4.5478069  6.8750737181E+29  1.6587003579E+08  2.6798789512E+29  7.1480186877E+07  4.7560281762E-01  1.338555E+00  3.886284E-01  9.704418E-02  0.000000E+00  1.659136E+00  6.986583E+15  8.271238E-04  9.181823E-16
   14 20.1668910  7.5117582  4.5442858  1.1000117949E+30  1.9377858876E+08  4.2901430541E+29  7.1629229091E+07  4.7929889430E-01  1.338555E+00  3.886237E-01  9.712486E-02  0.000000E+00  1.659203E+00  6.958324E+15  9.662919E-04  8.738257E-16
   15 20.1564988  7.5107439  4.5373672  2.0625221154E+30  2.3836161296E+08  8.0532639163E+29  7.1923685285E+07  4.8659902323E-01  1.338555E+00  3.886142E-01  9.728798E-02  0.000000E+00  1.659334E+00  6.903437E+15  1.188609E-03  7.926819E-16
   16 20.1380920  7.5089420  4.5250701  4.1250442309E+30  3.0209090088E+08  1.6138656665E+30  7.2467246191E+07  4.9978956685E-01  1.338555E+00  3.887108E-01  9.757562E-02  0.000000E+00  1.659622E+00  6.808180E+15  1.506400E-03  6.665963E-16
   17 20.1081819  7.5059933  4.5050800  8.2500884617E+30  3.8421419724E+08  3.2384553335E+30  7.3370555569E+07  5.2201571550E-01  1.338555E+00  3.889635E-01  9.807611E-02  0.000000E+00  1.660138E+00  6.656500E+15  1.915914E-03  5.024380E-16
   18 20.0743873  7.5026876  4.4824051  1.3578270593E+31  4.6217671208E+08  5.3469762650E+30  7.4405495758E+07  5.4783032193E-01  1.338555E+00  3.891425E-01  9.847776E-02  0.000000E+00  1.660639E+00  6.490190E+15  2.304680E-03  3.657328E-16
   19 20.0371398  7.4989789  4.4573777  2.0453344311E+31  5.3541437463E+08  8.0863657962E+30  7.5547480200E+07  5.7805338364E-01  1.338555E+00  3.892331E-01  9.907699E-02  0.000000E+00  1.661111E+00  6.311911E+15  2.669885E-03  2.567274E-16
   20 19.9958001  7.4948866  4.4295045  2.8531555930E+31  6.0736440943E+08  1.1322237338E+31  7.6821652127E+07  6.1578399195E-01  1.338555E+00  3.891584E-01  1.000185E-01  0.000000E+00  1.661504E+00  6.120642E+15  3.028670E-03  1.737931E-16
   21 19.9595653  7.4912536  4.4049806  3.6094137020E+31  6.6452337347E+08  1.4372174060E+31  7.7974279352E+07  6.5013125978E-01  1.338555E+00  3.892114E-01  1.007927E-01  0.000000E+00  1.661902E+00  5.959229E+15  3.313697E-03  1.225213E-16
   22 19.9141963  7.4866093  4.3742072  4.6062993911E+31  7.3034042209E+08  1.8428191886E+31  7.9476380484E+07  6.9467991668E-01  1.338555E+00  3.895192E-01  1.017340E-01  0.000000E+00  1.662559E+00  5.764560E+15  3.641899E-03  7.897120E-17
   23 19.8612194  7.4812285  4.3381197  5.7750619232E+31  8.0068074999E+08  2.3223914077E+31  8.1260157953E+07  7.4837153822E-01  1.338555E+00  3.897085E-01  1.024691E-01  0.000000E+00  1.663190E+00  5.546787E+15  3.992656E-03  4.731394E-17
   24 19.8129238  7.4762788  4.3050406  6.8578860338E+31  8.6039687601E+08  2.7714316684E+31  8.2899263913E+07  7.9863270170E-01  1.338555E+00  3.897099E-01  1.029108E-01  0.000000E+00  1.663610E+00  5.357163E+15  4.290436E-03  2.949991E-17
   25 19.7661933  7.4714739  4.2727559  7.9063347758E+31  9.1492915526E+08  3.2108694424E+31  8.4540954704E+07  8.4805296219E-01  1.338555E+00  3.898173E-01  1.030765E-01  0.000000E+00  1.664051E+00  5.183271E+15  4.562365E-03  1.861755E-17
   26 19.7199419  7.4667130  4.2406579  8.9375958335E+31  9.6633412834E+08  3.6483947904E+31  8.6222754801E+07  8.9701020329E-01  1.338555E+00  3.900474E-01  1.029343E-01  0.000000E+00  1.664558E+00  5.018602E+15  4.818700E-03  1.178411E-17
   27 19.6785600  7.4624884  4.2117988  9.8442461801E+31  1.0103007635E+09  4.0375388639E+31  8.7749183977E+07  9.4032023409E-01  1.338555E+00  3.901821E-01  1.024727E-01  0.000000E+00  1.664930E+00  4.877049E+15  5.037943E-03  7.846450E-18
   28 19.6425558  7.4588111  4.1866092  1.0626285816E+32  1.0474741351E+09  4.3773820421E+31  8.9081997930E+07  9.7734951736E-01  1.338555E+00  3.902084E-01  1.018558E-01  0.000000E+00  1.665166E+00  4.757779E+15  5.223311E-03  5.474829E-18
   29 19.6051843  7.4550197  4.1603315  1.1425513135E+32  1.0850037956E+09  4.7289160712E+31  9.0487497684E+07  1.0147351396E+00  1.338555E+00  3.902449E-01  1.009568E-01  0.000000E+00  1.665395E+00  4.638420E+15  5.410455E-03  3.797210E-18
   30 19.5662373  7.4511131  4.1327791  1.2241928139E+32  1.1230504872E+09  5.0930066817E+31  9.2003582145E+07  1.0520675303E+00  1.338555E+00  3.904180E-01  9.971130E-02  0.000000E+00  1.665725E+00  4.519200E+15  5.600178E-03  2.580525E-18
   31 19.5278546  7.4473214  4.1055030  1.3028264696E+32  1.1595737824E+09  5.4491166058E+31  9.3526165350E+07  1.0866693635E+00  1.338555E+00  3.905747E-01  9.815159E-02  0.000000E+00  1.666010E+00  4.405845E+15  5.782304E-03  1.776663E-18
   32 19.4901206  7.4436535  4.0785684  1.3784522805E+32  1.1947185581E+09  5.7974749858E+31  9.5046112772E+07  1.1181278884E+00  1.338555E+00  3.906891E-01  9.630236E-02  0.000000E+00  1.666227E+00  4.298198E+15  5.957556E-03  1.230412E-18
   33 19.4514331  7.4399717  4.0507998  1.4540780914E+32  1.2300048045E+09  6.1521986085E+31  9.6620579463E+07  1.1472812669E+00  1.338555E+00  3.907333E-01  9.406979E-02  0.000000E+00  1.666353E+00  4.191799E+15  6.133514E-03  8.644256E-19
   34 19.4116814  7.4362862  4.0218717  1.5297039023E+32  1.2655629360E+09  6.5142048989E+31  9.8267571164E+07  1.1732793941E+00  1.338555E+00  3.908568E-01  9.140791E-02  0.000000E+00  1.666548E+00  4.089099E+15  6.310827E-03  5.932715E-19
   35 19.3689209  7.4324440  3.9905221  1.6087672500E+32  1.3031828464E+09  6.9018809343E+31  1.0008240387E+08  1.1961512792E+00  1.338555E+00  3.910472E-01  8.814481E-02  0.000000E+00  1.666826E+00  3.983722E+15  6.498422E-03  4.052043E-19
   36 19.3264877  7.4287903  3.9591647  1.6843930609E+32  1.3396826258E+09  7.2818662618E+31  1.0191285229E+08  1.2130295123E+00  1.338555E+00  3.912043E-01  8.448678E-02  0.000000E+00  1.667062E+00  3.883961E+15  6.680431E-03  2.867959E-19
   37 19.2867558  7.4255086  3.9295767  1.7531437981E+32  1.3734805889E+09  7.6371653055E+31  1.0364894150E+08  1.2233009960E+00  1.338555E+00  3.913108E-01  8.075341E-02  0.000000E+00  1.667223E+00  3.794660E+15  6.848967E-03  3.429632E-31
   38 19.2416597  7.4219650  3.8956869  1.8287696090E+32  1.4114839778E+09  8.0404127651E+31  1.0565524967E+08  1.2281565385E+00  1.338555E+00  3.914424E-01  7.620161E-02  0.000000E+00  1.667378E+00  3.698341E+15  7.038474E-03  1.391326E-19
   39 19.1902866  7.4181965  3.8566247  1.9112704936E+32  1.4540333579E+09  8.4888174554E+31  1.0799825041E+08  1.2246384923E+00  1.338555E+00  3.916554E-01  7.060331E-02  0.000000E+00  1.667556E+00  3.595360E+15  7.250650E-03  4.333498E-27
   40 19.1453715  7.4149674  3.8221893  1.9800212308E+32  1.4904681149E+09  8.8645936743E+31  1.1005624508E+08  1.2151924195E+00  1.338555E+00  3.918155E-01  6.560355E-02  0.000000E+00  1.667630E+00  3.509796E+15  7.432335E-03  1.504987E-24
   41 19.1083485  7.4122511  3.7936143  2.0350218206E+32  1.5205271551E+09  9.1697893562E+31  1.1173232283E+08  1.3943184703E+00  1.338555E+00  3.919246E-01  7.133259E-02  0.000000E+00  1.667641E+00  3.442206E+15  7.582226E-03  2.858961E-23
   42 19.0606278  7.4089686  3.7564014  2.1037725577E+32  1.5594047470E+09  9.5644850624E+31  1.1392351311E+08  1.3843811097E+00  1.338555E+00  3.921019E-01  6.598774E-02  0.000000E+00  1.667692E+00  3.360024E+15  7.776092E-03  7.741004E-22
   43 19.0125421  7.4059359  3.7184351  2.1690857581E+32  1.5974090153E+09  9.9496044794E+31  1.1615431404E+08  1.3673496613E+00  1.338555E+00  3.922898E-01  6.053391E-02  0.000000E+00  1.667761E+00  3.282772E+15  7.965604E-03  5.992713E-20
   44 18.9760044  7.4037957  3.6892587  2.2172112741E+32  1.6265620683E+09  1.0243519606E+32  1.1784801861E+08  1.3555414135E+00  1.338555E+00  3.924200E-01  5.667195E-02  0.000000E+00  1.667791E+00  3.227656E+15  8.110978E-03  5.150502E-19
   45 18.9301826  7.4013070  3.6522914  2.2756494007E+32  1.6633817921E+09  1.0612121767E+32  1.1997560870E+08  1.3364275226E+00  1.338555E+00  3.925839E-01  5.192641E-02  0.000000E+00  1.667804E+00  3.162542E+15  8.294582E-03  5.495749E-18
   46 18.8733246  7.3985202  3.6057764  2.3444001379E+32  1.7086246458E+09  1.1060540993E+32  1.2260997653E+08  1.3064985077E+00  1.338555E+00  3.928095E-01  4.622625E-02  0.000000E+00  1.667783E+00  3.088074E+15  8.520189E-03  9.631988E-17
   47 18.8251256  7.3964054  3.5657121  2.3994007276E+32  1.7464771432E+09  1.1431079267E+32  1.2480046913E+08  1.2768416106E+00  1.338555E+00  3.929956E-01  4.163100E-02  0.000000E+00  1.667712E+00  3.030642E+15  8.708943E-03  2.816296E-15
   48 18.7816097  7.3946816  3.5290890  2.4475262436E+32  1.7814964078E+09  1.1767596591E+32  1.2674143190E+08  1.2462348206E+00  1.338555E+00  3.931601E-01  3.769078E-02  0.000000E+00  1.667631E+00  2.982777E+15  8.883570E-03  4.644711E-15
   49 18.7293647  7.3928506  3.4845636  2.5025268334E+32  1.8234550271E+09  1.2163584241E+32  1.2902080119E+08  1.1793552559E+00  1.338555E+00  3.933666E-01  3.251481E-02  0.000000E+00  1.667552E+00  2.930087E+15  9.092800E-03  4.249292E-21
   50 18.6744060  7.3911826  3.4370938  2.5575274231E+32  1.8679460057E+09  1.2573047796E+32  1.3134754015E+08  1.1335736208E+00  1.338555E+00  3.935809E-01  2.828376E-02  0.000000E+00  1.667466E+00  2.879846E+15  9.314657E-03  3.241140E-21
   51 18.6164468  7.3896610  3.3863657  2.6125280129E+32  1.9153757270E+09  1.2996281223E+32  1.3371048383E+08  1.0853537434E+00  1.338555E+00  3.937942E-01  2.431778E-02  0.000000E+00  1.667322E+00  2.832048E+15  9.551169E-03  2.482515E-21
   52 18.5627121  7.3884310  3.3387488  2.6606535289E+32  1.9594763373E+09  1.3377292765E+32  1.3580841182E+08  1.0407887237E+00  1.338555E+00  3.939770E-01  2.106309E-02  0.000000E+00  1.667124E+00  2.792101E+15  9.771080E-03  1.963697E-21
   53 18.5146525  7.3874627  3.2956965  2.7019039712E+32  1.9998450171E+09  1.3713019891E+32  1.3759385267E+08  1.0204708187E+00  1.338555E+00  3.941301E-01  1.883030E-02  0.000000E+00  1.666925E+00  2.759765E+15  9.972382E-03  1.581493E-09
   54 18.4726517  7.3867152  3.2577229  2.7362793398E+32  2.0352114023E+09  1.3998136110E+32  1.3907502582E+08  9.8322084891E-01  1.338555E+00  3.942624E-01  1.671642E-02  0.000000E+00  1.666761E+00  2.734023E+15  1.014874E-02  7.691501E-08
   55 18.4337631  7.3861010  3.2222991  2.7672171715E+32  2.0689563985E+09  1.4259849788E+32  1.4038596811E+08  9.4875240646E-01  1.338555E+00  3.943824E-01  1.494084E-02  0.000000E+00  1.666619E+00  2.712066E+15  1.031701E-02  1.045773E-06
   56 18.3976647  7.3855875  3.1892178  2.7947174664E+32  2.1001429499E+09  1.4495252038E+32  1.4155677058E+08  9.1780756360E-01  1.338555E+00  3.944901E-01  1.345073E-02  0.000000E+00  1.666489E+00  2.693082E+15  1.047253E-02  1.438879E-05
   57 18.3653980  7.3851740  3.1594187  2.8187802244E+32  2.1289029072E+09  1.4704214205E+32  1.4253671045E+08  8.9064106845E-01  1.338555E+00  3.945793E-01  1.223423E-02  0.000000E+00  1.666361E+00  2.677616E+15  1.061594E-02  7.733643E-05
   58 18.3225291  7.3846803  3.1196167  2.8497180561E+32  2.1677273918E+09  1.4976421627E+32  1.4378634047E+08  8.6164194073E-01  1.338555E+00  3.946930E-01  1.085256E-02  0.000000E+00  1.666175E+00  2.658478E+15  1.080954E-02  6.397974E-04
   59 18.2825955  7.3842692  3.0823178  2.8772183510E+32  2.2038064193E+09  1.5222028955E+32  1.4488712736E+08  8.3589578863E-01  1.338555E+00  3.947916E-01  9.704250E-03  0.000000E+00  1.665991E+00  2.642107E+15  1.098945E-02  5.297106E-03
   60 18.2468717  7.3839396  3.0487926  2.9012811090E+32  2.2373225526E+09  1.5448541761E+32  1.4582681176E+08  8.1383869024E-01  1.338555E+00  3.948741E-01  8.784980E-03  0.000000E+00  1.665823E+00  2.628499E+15  1.115658E-02  2.091843E-02
   61 18.2045180  7.3835882  3.0088075  2.9287814039E+32  2.2775301922E+09  1.5751713772E+32  1.4686317788E+08  7.8851017788E-01  1.338553E+00  3.949644E-01  7.823566E-03  0.000000E+00  1.665628E+00  2.613898E+15  1.135708E-02  1.083451E-01
   62 18.1606103  7.3832628  2.9671267  2.9562816988E+32  2.3201270385E+09  1.6246272064E+32  1.4786529980E+08  7.6326165647E-01  1.338543E+00  3.950479E-01  7.015069E-03  0.000000E+00  1.665425E+00  2.600211E+15  1.156949E-02  4.972196E-01
   63 18.1178636  7.3829740  2.9263481  2.9820632252E+32  2.3623802877E+09  1.7298152509E+32  1.4878368901E+08  7.3935470937E-01  1.338497E+00  3.951134E-01  6.517708E-03  0.000000E+00  1.665217E+00  2.588131E+15  1.178019E-02  2.151936E+00
   64 18.0737950  7.3826822  2.8841094  3.0078447517E+32  2.4073675033E+09  2.0339725531E+32  1.4968669717E+08  7.1612977148E-01  1.338334E+00  3.951604E-01  6.667133E-03  0.000000E+00  1.664991E+00  2.576899E+15  1.200452E-02  7.230541E+00
   65 18.0309416  7.3823807  2.8427897  3.0319075097E+32  2.4516438199E+09  2.6597576975E+32  1.5056574588E+08  6.9467139052E-01  1.337803E+00  3.951863E-01  7.622823E-03  0.000000E+00  1.664763E+00  2.567464E+15  1.222531E-02  2.196833E+01
   66 17.9963207  7.3820912  2.8091659  3.0508139624E+32  2.4884062577E+09  3.6087281008E+32  1.5133838189E+08  6.7827616667E-01  1.336748E+00  3.951972E-01  9.291641E-03  0.000000E+00  1.664575E+00  2.561287E+15  1.240863E-02  4.799564E+01
   67 17.9736906  7.3818739  2.7869869  3.0628453414E+32  2.5126308889E+09  4.4662750308E+32  1.5189197949E+08  6.6801917430E-01  1.335566E+00  3.951987E-01  1.072991E-02  0.000000E+00  1.664445E+00  2.558428E+15  1.252943E-02  7.450177E+01
   68 17.9606820  7.3817268  2.7741463  3.0697204151E+32  2.5269182578E+09  5.1396312279E+32  1.5226357491E+08  6.6235387747E-01  1.334539E+00  3.952005E-01  1.187106E-02  0.000000E+00  1.664371E+00  2.557324E+15  1.260067E-02  9.640699E+01
   69 17.9508182  7.3816070  2.7643857  3.0748767204E+32  2.5377811559E+09  5.7190612909E+32  1.5256069195E+08  6.5815282882E-01  1.333662E+00  3.952022E-01  1.282346E-02  0.000000E+00  1.664314E+00  2.556629E+15  1.265484E-02  1.141269E+02
   70 17.9442199  7.3815199  2.7578486  3.0783142573E+32  2.5451257236E+09  6.1825458304E+32  1.5274898270E+08  6.5538151710E-01  1.333091E+00  3.952020E-01  1.359191E-02  0.000000E+00  1.664272E+00  2.556205E+15  1.269147E-02  1.249597E+02
   71 17.9375902  7.3814267  2.7508367  3.0817517941E+32  2.5525430054E+09  6.7403050665E+32  1.5315104695E+08  6.5252158509E-01  1.331132E+00  3.952046E-01  1.452619E-02  0.000000E+00  1.664227E+00  2.558385E+15  1.272845E-02  1.661498E+02
   72 17.9309290  7.3813263  2.7441582  3.0851893310E+32  2.5600331751E+09  7.3791962254E+32  1.5338295107E+08  6.4983513581E-01  1.330281E+00  3.952050E-01  1.559357E-02  0.000000E+00  1.664184E+00  2.558422E+15  1.276580E-02  1.814560E+02
   73 17.9242362  7.3812181  2.7373461  3.0886268678E+32  2.5675962651E+09  8.0846957437E+32  1.5366765400E+08  6.4721546225E-01  1.329089E+00  3.952061E-01  1.675338E-02  0.000000E+00  1.664141E+00  2.559059E+15  1.280352E-02  2.032559E+02
   74 17.9175118  7.3811011  2.7305582  3.0920644047E+32  2.5752343985E+09  8.8699951103E+32  1.5393022540E+08  6.4461512646E-01  1.328044E+00  3.952069E-01  1.802495E-02  0.000000E+00  1.664098E+00  2.559366E+15  1.284161E-02  2.209319E+02
   75 17.9107556  7.3809746  2.7234661  3.0955019416E+32  2.5829498775E+09  9.7492758450E+32  1.5432722816E+08  6.4214012899E-01  1.326129E+00  3.952096E-01  1.943211E-02  0.000000E+00  1.664054E+00  2.561279E+15  1.288008E-02  2.553882E+02
   76 17.9039676  7.3808374  2.7165363  3.0989394784E+32  2.5907439339E+09  1.0722291894E+33  1.5463716173E+08  6.3964706662E-01  1.324781E+00  3.952112E-01  2.096159E-02  0.000000E+00  1.664011E+00  2.562050E+15  1.291895E-02  2.767933E+02
   77 17.8971478  7.3806888  2.7094043  3.1023770153E+32  2.5986178494E+09  1.1787836516E+33  1.5502551044E+08  6.3724594313E-01  1.322903E+00  3.952128E-01  2.260636E-02  0.000000E+00  1.663966E+00  2.563823E+15  1.295821E-02  3.072512E+02
   78 17.8902961  7.3805277  2.7023260  3.1058145521E+32  2.6065758074E+09  1.2975026069E+33  1.5537066287E+08  6.3485896306E-01  1.321281E+00  3.952128E-01  2.441106E-02  0.000000E+00  1.663921E+00  2.565091E+15  1.299789E-02  3.311148E+02
   79 17.8834126  7.3803527  2.6945435  3.1092520890E+32  2.6146222239E+09  1.4313593885E+33  1.5604001042E+08  6.3273380156E-01  1.317561E+00  3.952170E-01  2.643061E-02  0.000000E+00  1.663872E+00  2.570331E+15  1.303802E-02  3.921369E+02
   80 17.8764972  7.3801623  2.6872836  3.1126896259E+32  2.6227575366E+09  1.5789643200E+33  1.5645394256E+08  6.3049319490E-01  1.315497E+00  3.952180E-01  2.861254E-02  0.000000E+00  1.663827E+00  2.572300E+15  1.307858E-02  4.199105E+02
   81 17.8695500  7.3799554  2.6797150  3.1161271627E+32  2.6309821472E+09  1.7388898840E+33  1.5700555309E+08  6.2839883941E-01  1.312543E+00  3.952210E-01  3.093229E-02  0.000000E+00  1.663780E+00  2.575912E+15  1.311960E-02  4.612203E+02
   82 17.8625710  7.3797308  2.6722831  3.1195646996E+32  2.6393001938E+09  1.9132767932E+33  1.5748549090E+08  6.2631557793E-01  1.310054E+00  3.952231E-01  3.341307E-02  0.000000E+00  1.663736E+00  2.578530E+15  1.316107E-02  4.918510E+02
   83 17.8555603  7.3794871  2.6641444  3.1230022364E+32  2.6477159767E+09  2.1041261336E+33  1.5828998012E+08  6.2450664491E-01  1.305466E+00  3.952294E-01  3.609443E-02  0.000000E+00  1.663689E+00  2.585163E+15  1.320304E-02  5.544397E+02
   84 17.8485181  7.3792228  2.6565189  3.1264397733E+32  2.6562307687E+09  2.3104326770E+33  1.5884300262E+08  6.2259749052E-01  1.302493E+00  3.952318E-01  3.892863E-02  0.000000E+00  1.663645E+00  2.588569E+15  1.324550E-02  5.869271E+02
   85 17.8414445  7.3789368  2.6484429  3.1298773102E+32  2.6648458365E+09  2.5310186028E+33  1.5958921136E+08  6.2088003240E-01  1.298240E+00  3.952342E-01  4.190488E-02  0.000000E+00  1.663599E+00  2.594480E+15  1.328846E-02  6.361251E+02
   86 17.8361107  7.3787096  2.6423073  3.1324554628E+32  2.6713631433E+09  2.7032190836E+33  1.6017682971E+08  6.1964604486E-01  1.294870E+00  3.952364E-01  4.417776E-02  0.000000E+00  1.663565E+00  2.599221E+15  1.332096E-02  6.728476E+02
   87 17.8325503  7.3785494  2.6387173  3.1341742312E+32  2.6757504324E+09  2.8256775591E+33  1.6033740025E+08  6.1870188773E-01  1.294117E+00  3.952352E-01  4.577465E-02  0.000000E+00  1.663545E+00  2.599368E+15  1.334284E-02  6.742101E+02
   88 17.8289822  7.3783828  2.6321188  3.1358929997E+32  2.6801750428E+09  2.9594641996E+33  1.6188798902E+08  6.1870502129E-01  1.284382E+00  3.952509E-01  4.759684E-02  0.000000E+00  1.663511E+00  2.617516E+15  1.336490E-02  8.037629E+02
   89 17.8254065  7.3782093  2.6284676  3.1376117681E+32  2.6846319321E+09  3.1003898720E+33  1.6207467008E+08  6.1785554546E-01  1.283460E+00  3.952502E-01  4.943847E-02  0.000000E+00  1.663492E+00  2.617940E+15  1.338712E-02  8.046815E+02
   90 17.8218231  7.3780287  2.6239806  3.1393305365E+32  2.6891158782E+09  3.2443629122E+33  1.6264499841E+08  6.1728362311E-01  1.280059E+00  3.952542E-01  5.131885E-02  0.000000E+00  1.663469E+00  2.623355E+15  1.340948E-02  8.390416E+02
   91 17.8182321  7.3778410  2.6203050  3.1410493050E+32  2.6936285719E+09  3.3922299803E+33  1.6284177067E+08  6.1648336278E-01  1.279072E+00  3.952538E-01  5.320980E-02  0.000000E+00  1.663450E+00  2.623837E+15  1.343199E-02  8.393856E+02
   92 17.8146336  7.3776459  2.6152296  3.1427680734E+32  2.6981717462E+09  3.5448089320E+33  1.6367891660E+08  6.1613082353E-01  1.273948E+00  3.952612E-01  5.518169E-02  0.000000E+00  1.663425E+00  2.632735E+15  1.345464E-02  8.935865E+02
   93 17.8110275  7.3774433  2.6115211  3.1444868418E+32  2.7027443204E+09  3.7010749465E+33  1.6388961987E+08  6.1538361661E-01  1.272869E+00  3.952612E-01  5.714389E-02  0.000000E+00  1.663407E+00  2.633327E+15  1.347744E-02  8.932014E+02
   94 17.8074140  7.3772332  2.6069382  3.1462056102E+32  2.7073451729E+09  3.8600214952E+33  1.6449869898E+08  6.1492303022E-01  1.269218E+00  3.952661E-01  5.914203E-02  0.000000E+00  1.663385E+00  2.639177E+15  1.350039E-02  9.246825E+02
   95 17.8037931  7.3770153  2.6032065  3.1479243787E+32  2.7119786522E+09  4.0239023174E+33  1.6471930506E+08  6.1422697392E-01  1.268074E+00  3.952664E-01  6.116113E-02  0.000000E+00  1.663367E+00  2.639822E+15  1.352349E-02  9.235035E+02
   96 17.8001648  7.3767893  2.5970537  3.1496431471E+32  2.7166492400E+09  4.1948899633E+33  1.6603665275E+08  6.1427574130E-01  1.259848E+00  3.952797E-01  6.333176E-02  0.000000E+00  1.663339E+00  2.655167E+15  1.354678E-02  1.006992E+03
   97 17.7965292  7.3765552  2.5932670  3.1513619155E+32  2.7213533559E+09  4.3704789211E+33  1.6627390234E+08  6.1363632063E-01  1.258573E+00  3.952788E-01  6.546994E-02  0.000000E+00  1.663321E+00  2.656062E+15  1.357024E-02  1.004646E+03
   98 17.7928864  7.3763127  2.5885651  3.1530806840E+32  2.7260869175E+09  4.5480408962E+33  1.6692365637E+08  6.1329137830E-01  1.254635E+00  3.952830E-01  6.763685E-02  0.000000E+00  1.663299E+00  2.662512E+15  1.359384E-02  1.032196E+03
   99 17.7892364  7.3760618  2.5848926  3.1547994524E+32  2.7308525409E+09  4.7286316263E+33  1.6710933143E+08  6.1266553733E-01  1.253692E+00  3.952818E-01  6.978594E-02  0.000000E+00  1.663282E+00  2.662623E+15  1.361761E-02  1.024418E+03
  100 17.7855792  7.3758024  2.5791630  3.1565182208E+32  2.7356532566E+09  4.9134422179E+33  1.6821772706E+08  6.1266590823E-01  1.246792E+00  3.952919E-01  7.203815E-02  0.000000E+00  1.663257E+00  2.675319E+15  1.364155E-02  1.081226E+03
  101 17.7819150  7.3755343  2.5754670  3.1582369892E+32  2.7404872021E+09  5.1011808240E+33  1.6841389268E+08  6.1209531383E-01  1.245779E+00  3.952913E-01  7.423597E-02  0.000000E+00  1.663241E+00  2.675489E+15  1.366565E-02  1.072095E+03
  102 17.7782438  7.3752576  2.5704896  3.1599557577E+32  2.7453524571E+09  5.2905967699E+33  1.6918184702E+08  6.1192049317E-01  1.241075E+00  3.952977E-01  7.647573E-02  0.000000E+00  1.663220E+00  2.683514E+15  1.368991E-02  1.100807E+03
  103 17.7745656  7.3749720  2.5667801  3.1616745261E+32  2.7502593725E+09  5.4859373910E+33  1.6938448908E+08  6.1140304290E-01  1.240019E+00  3.952975E-01  7.872824E-02  0.000000E+00  1.663204E+00  2.683683E+15  1.371438E-02  1.090527E+03
  104 17.7708807  7.3746770  2.5581861  3.1633932945E+32  2.7552186200E+09  5.6912211143E+33  1.7174665421E+08  6.1229333645E-01  1.225026E+00  3.953238E-01  8.127859E-02  0.000000E+00  1.663170E+00  2.714133E+15  1.373911E-02  1.216267E+03
  105 17.7671891  7.3743724  2.5544282  3.1651120630E+32  2.7602207286E+09  5.9017561614E+33  1.7197031826E+08  6.1184157428E-01  1.223831E+00  3.953243E-01  8.369939E-02  0.000000E+00  1.663155E+00  2.714524E+15  1.376405E-02  1.203506E+03
  106 17.7634909  7.3740582  2.5493128  3.1668308314E+32  2.7652559022E+09  6.1130726670E+33  1.7278931756E+08  6.1179457387E-01  1.218794E+00  3.953323E-01  8.615687E-02  0.000000E+00  1.663136E+00  2.723365E+15  1.378916E-02  1.225513E+03
  107 17.7597862  7.3737344  2.5455450  3.1685495998E+32  2.7703275574E+09  6.3261540278E+33  1.7301851448E+08  6.1139874422E-01  1.217562E+00  3.953333E-01  8.856125E-02  0.000000E+00  1.663122E+00  2.723738E+15  1.381445E-02  1.211460E+03
  108 17.7560751  7.3734010  2.5393127  3.1702683683E+32  2.7754385603E+09  6.5417067343E+33  1.7432094171E+08  6.1170533425E-01  1.209404E+00  3.953477E-01  9.107516E-02  0.000000E+00  1.663099E+00  2.739558E+15  1.383994E-02  1.256936E+03
  109 17.7523577  7.3730579  2.5357400  3.1719871367E+32  2.7805857311E+09  6.7582383044E+33  1.7446648661E+08  6.1130902317E-01  1.208709E+00  3.953481E-01  9.347178E-02  0.000000E+00  1.663087E+00  2.738625E+15  1.386561E-02  1.236198E+03
  110 17.7486340  7.3727052  2.5304495  3.1737059051E+32  2.7857664363E+09  6.9745363018E+33  1.7535388093E+08  6.1140266918E-01  1.203223E+00  3.953562E-01  9.591372E-02  0.000000E+00  1.663067E+00  2.748491E+15  1.389144E-02  1.254342E+03
  111 17.7449042  7.3723428  2.5268697  3.1754246735E+32  2.7909896534E+09  7.1931488091E+33  1.7550025764E+08  6.1105698654E-01  1.202512E+00  3.953540E-01  9.829318E-02  0.000000E+00  1.663053E+00  2.747519E+15  1.391749E-02  1.232562E+03
  112 17.7411684  7.3719705  2.5186394  3.1771434420E+32  2.7962645598E+09  7.4164567983E+33  1.7764202316E+08  6.1197064979E-01  1.188929E+00  3.953767E-01  1.009179E-01  0.000000E+00  1.663022E+00  2.776049E+15  1.394379E-02  1.309046E+03
  113 17.7374266  7.3715883  2.5150464  3.1788622104E+32  2.8015824378E+09  7.6413435926E+33  1.7779541289E+08  6.1168233907E-01  1.188170E+00  3.953751E-01  1.033449E-01  0.000000E+00  1.663009E+00  2.775076E+15  1.397031E-02  1.285074E+03
  114 17.7336791  7.3711963  2.5097948  3.1805809788E+32  2.8069343357E+09  7.8648742934E+33  1.7865522653E+08  6.1185425523E-01  1.182853E+00  3.953825E-01  1.058081E-01  0.000000E+00  1.662990E+00  2.784672E+15  1.399700E-02  1.293422E+03
  115 17.7299259  7.3707945  2.5062049  3.1822997473E+32  2.8123253619E+09  8.0881791751E+33  1.7880933962E+08  6.1161837085E-01  1.182084E+00  3.953815E-01  1.081756E-01  0.000000E+00  1.662978E+00  2.783604E+15  1.402388E-02  1.268622E+03
  116 17.7261671  7.3703831  2.4993416  3.1840185157E+32  2.8177598144E+09  8.3121265685E+33  1.8034679999E+08  6.1220533664E-01  1.172395E+00  3.953980E-01  1.106777E-01  0.000000E+00  1.662955E+00  2.803534E+15  1.405098E-02  1.303210E+03
  117 17.7224027  7.3699620  2.4960407  3.1857372841E+32  2.8232329755E+09  8.5352361430E+33  1.8038109225E+08  6.1194726865E-01  1.172395E+00  3.953963E-01  1.129967E-01  0.000000E+00  1.662945E+00  2.800528E+15  1.407827E-02  1.272812E+03
  118 17.7186330  7.3695314  2.4904591  3.1874560525E+32  2.8287418631E+09  8.7564745908E+33  1.8137339864E+08  6.1223869135E-01  1.166216E+00  3.954067E-01  1.153731E-01  0.000000E+00  1.662927E+00  2.812206E+15  1.410574E-02  1.279434E+03
  119 17.7148581  7.3690909  2.4868725  3.1891748210E+32  2.8343275762E+09  8.9843840886E+33  1.8153005662E+08  6.1209891774E-01  1.165423E+00  3.954072E-01  1.177382E-01  0.000000E+00  1.662917E+00  2.810970E+15  1.413359E-02  1.252646E+03
  120 17.7110784  7.3686395  2.4687261  3.1908935894E+32  2.8400322357E+09  9.2264529502E+33  1.8767073154E+08  6.1477608637E-01  1.126055E+00  3.954827E-01  1.208234E-01  0.000000E+00  1.662858E+00  2.905410E+15  1.416204E-02  1.444271E+03
  121 17.7072943  7.3681773  2.4650949  3.1926123578E+32  2.8458155553E+09  9.4733638581E+33  1.8784499169E+08  6.1469613737E-01  1.125144E+00  3.954843E-01  1.234227E-01  0.000000E+00  1.662850E+00  2.904373E+15  1.419088E-02  1.412296E+03
  122 17.7035060  7.3677047  2.4597349  3.1943311263E+32  2.8516341013E+09  9.7165463884E+33  1.8871694388E+08  6.1498647398E-01  1.119733E+00  3.954951E-01  1.260306E-01  0.000000E+00  1.662836E+00  2.914879E+15  1.421989E-02  1.402840E+03
  123 17.6997136  7.3672219  2.4564660  3.1960498947E+32  2.8574951757E+09  9.9570446700E+33  1.8875061489E+08  6.1489008511E-01  1.119733E+00  3.954934E-01  1.285085E-01  0.000000E+00  1.662828E+00  2.911354E+15  1.424912E-02  1.367107E+03
  124 17.6959174  7.3667289  2.4486104  3.1977686631E+32  2.8634073900E+09  1.0195974994E+34  1.9062534457E+08  6.1570978482E-01  1.107903E+00  3.955070E-01  1.311448E-01  0.000000E+00  1.662799E+00  2.938644E+15  1.427860E-02  1.384609E+03
  125 17.6921173  7.3662259  2.4453546  3.1994874316E+32  2.8693635255E+09  1.0432030367E+34  1.9066372232E+08  6.1566617415E-01  1.107904E+00  3.954982E-01  1.335485E-01  0.000000E+00  1.662787E+00  2.934941E+15  1.430830E-02  1.348373E+03
  126 17.6883136  7.3657131  2.4396766  3.2012062000E+32  2.8753562308E+09  1.0664004900E+34  1.9166497429E+08  6.1610871711E-01  1.101702E+00  3.955013E-01  1.359930E-01  0.000000E+00  1.662766E+00  2.947598E+15  1.433819E-02  1.337137E+03
  127 17.6845064  7.3651907  2.4364329  3.2029249684E+32  2.8814002646E+09  1.0893703884E+34  1.9170236644E+08  6.1611524161E-01  1.101702E+00  3.954934E-01  1.383011E-01  0.000000E+00  1.662755E+00  2.943756E+15  1.436833E-02  1.301239E+03
  128 17.6788009  7.3643856  2.4249168  3.2055031211E+32  2.8906072685E+09  1.1235457763E+34  1.9438079466E+08  6.1740773391E-01  1.084822E+00  3.955122E-01  1.420092E-01  0.000000E+00  1.662716E+00  2.983336E+15  1.441424E-02  1.311316E+03
  129 17.6711682  7.3632840  2.4163343  3.2089406579E+32  2.9030296407E+09  1.1681494026E+34  1.9528322892E+08  6.1794931473E-01  1.079484E+00  3.955077E-01  1.465255E-01  0.000000E+00  1.662689E+00  2.989819E+15  1.447618E-02  1.256136E+03
  130 17.6635246  7.3621467  2.4055376  3.2123781948E+32  2.9156201790E+09  1.2111031410E+34  1.9704263084E+08  6.1896296092E-01  1.068625E+00  3.955142E-01  1.509205E-01  0.000000E+00  1.662657E+00  3.011547E+15  1.453897E-02  1.218600E+03
  131 17.6558713  7.3609749  2.3974331  3.2158157316E+32  2.9284310937E+09  1.2527812103E+34  1.9776440940E+08  6.1959488835E-01  1.064423E+00  3.955116E-01  1.550441E-01  0.000000E+00  1.662637E+00  3.014642E+15  1.460285E-02  1.159499E+03
  132 17.6482103  7.3597691  2.3792102  3.2192532685E+32  2.9415200719E+09  1.2935150530E+34  2.0232088032E+08  6.2193852112E-01  1.035635E+00  3.955388E-01  1.594737E-01  0.000000E+00  1.662575E+00  3.088740E+15  1.466812E-02  1.165212E+03
  133 17.6405434  7.3585313  2.3711666  3.2226908054E+32  2.9548301539E+09  1.3327698481E+34  2.0305255931E+08  6.2272204794E-01  1.031536E+00  3.955052E-01  1.633204E-01  0.000000E+00  1.662535E+00  3.091345E+15  1.473449E-02  1.103799E+03
  134 17.6328719  7.3572638  2.3608584  3.2261283422E+32  2.9682977191E+09  1.3700998836E+34  2.0463014489E+08  6.2392603457E-01  1.022016E+00  3.954782E-01  1.670367E-01  0.000000E+00  1.662486E+00  3.110079E+15  1.480165E-02  1.055244E+03
  135 17.6251968  7.3559681  2.3533930  3.2295658791E+32  2.9819418144E+09  1.4056285069E+34  2.0516049025E+08  6.2477112170E-01  1.019207E+00  3.954428E-01  1.704367E-01  0.000000E+00  1.662449E+00  3.108510E+15  1.486968E-02  9.946145E+02
  136 17.6175193  7.3546456  2.3407204  3.2330034159E+32  2.9957713403E+09  1.4394986755E+34  2.0779909186E+08  6.2667560255E-01  1.004152E+00  3.954155E-01  1.739307E-01  0.000000E+00  1.662389E+00  3.144355E+15  1.493865E-02  9.599648E+02
  137 17.6098404  7.3532977  2.3341159  3.2364409528E+32  3.0097431147E+09  1.4716517977E+34  2.0812086180E+08  6.2765463314E-01  1.003267E+00  3.953773E-01  1.769698E-01  0.000000E+00  1.662359E+00  3.136529E+15  1.500832E-02  9.013230E+02
  138 17.6021607  7.3519261  2.3256261  3.2398784896E+32  3.0238276412E+09  1.5020456643E+34  2.0959637368E+08  6.2958460031E-01  9.979627E-01  3.953370E-01  1.800762E-01  0.000000E+00  1.662319E+00  3.142310E+15  1.507855E-02  8.578569E+02
  139 17.5944811  7.3505299  2.3190823  3.2433160265E+32  3.0380954121E+09  1.5311732464E+34  2.0990171662E+08  6.3066256292E-01  9.971581E-01  3.952874E-01  1.828038E-01  0.000000E+00  1.662274E+00  3.134016E+15  1.514970E-02  8.038307E+02
  140 17.5868030  7.3491079  2.3019330  3.2467535634E+32  3.0526165027E+09  1.5594287178E+34  2.1652272386E+08  6.3662122351E-01  9.721290E-01  3.952393E-01  1.868788E-01  0.000000E+00  1.662185E+00  3.202945E+15  1.522211E-02  8.078833E+02
  141 17.5791281  7.3476636  2.2957865  3.2501911002E+32  3.0673135142E+09  1.5863564105E+34  2.1660968676E+08  6.3765919433E-01  9.721325E-01  3.951968E-01  1.893850E-01  0.000000E+00  1.662148E+00  3.191620E+15  1.529540E-02  7.544940E+02
  142 17.5676766  7.3454565  2.2847498  3.2553474055E+32  3.0896281995E+09  1.6232190846E+34  2.1785845032E+08  6.4021747013E-01  9.678302E-01  3.951377E-01  1.930854E-01  0.000000E+00  1.662089E+00  3.188462E+15  1.540667E-02  6.863129E+02
  143 17.5523558  7.3424607  2.2687584  3.2622224792E+32  3.1197234965E+09  1.6679884533E+34  2.2024934374E+08  6.4429955671E-01  9.592844E-01  3.950680E-01  1.977297E-01  0.000000E+00  1.662016E+00  3.193246E+15  1.555674E-02  6.074805E+02
  144 17.5370586  7.3394032  2.2556776  3.2690975529E+32  3.1503152808E+09  1.7074510680E+34  2.2092295126E+08  6.4723370585E-01  9.571680E-01  3.950267E-01  2.014740E-01  0.000000E+00  1.661978E+00  3.176920E+15  1.570929E-02  5.291549E+02
  145 17.5217904  7.3362905  2.2357332  3.2759726267E+32  3.1814664430E+09  1.7422892180E+34  2.2553666595E+08  6.5333345868E-01  9.398596E-01  3.950106E-01  2.057475E-01  0.000000E+00  1.661932E+00  3.211222E+15  1.586463E-02  4.735715E+02
  146 17.5065562  7.3331332  2.2233507  3.2828477004E+32  3.2130687925E+09  1.7728149862E+34  2.2590141634E+08  6.5630428469E-01  9.389172E-01  3.949720E-01  2.086088E-01  0.000000E+00  1.661907E+00  3.190158E+15  1.602222E-02  4.108559E+02
  147 17.4840032  7.3283198  2.2032466  3.2931603110E+32  3.2618049480E+09  1.8107806404E+34  2.2743955373E+08  6.6184729997E-01  9.335126E-01  3.949533E-01  2.125820E-01  0.000000E+00  1.661896E+00  3.172198E+15  1.626524E-02  3.332398E+02
  148 17.4538281  7.3217984  2.1624111  3.3069104584E+32  3.3286595109E+09  1.8528863394E+34  2.3708601915E+08  6.7469207905E-01  8.969223E-01  3.950145E-01  2.187549E-01  0.000000E+00  1.661888E+00  3.251013E+15  1.659862E-02  2.645496E+02
  149 17.4238938  7.3152006  2.1382991  3.3206606058E+32  3.3972820142E+09  1.8851780763E+34  2.3770233460E+08  6.8138514059E-01  8.950370E-01  3.950293E-01  2.220258E-01  0.000000E+00  1.661919E+00  3.207781E+15  1.694081E-02  2.000883E+02
  150 17.3803855  7.3052767  2.1013833  3.3412858270E+32  3.5034067138E+09  1.9180948647E+34  2.3971985469E+08  6.9280733623E-01  8.877995E-01  3.950967E-01  2.262764E-01  0.000000E+00  1.662004E+00  3.159616E+15  1.747001E-02  1.325715E+02
  151 17.3222698  7.2919952  2.0454250  3.3687861219E+32  3.6490678178E+09  1.9486801319E+34  2.4587807364E+08  7.0984318520E-01  8.649446E-01  3.951515E-01  2.309458E-01  0.000000E+00  1.662028E+00  3.144003E+15  1.819636E-02  8.063639E+01
  152 17.2654246  7.2788055  2.0003506  3.3962864167E+32  3.8001944440E+09  1.9678703335E+34  2.4695130064E+08  7.2257946749E-01  8.617222E-01  3.951425E-01  2.332769E-01  0.000000E+00  1.662011E+00  3.059906E+15  1.894996E-02  5.078112E+01
  153 17.2099569  7.2657940  1.9435389  3.4237867116E+32  3.9568223551E+09  1.9806085484E+34  2.5450667244E+08  7.3830503568E-01  8.333647E-01  3.952209E-01  2.361024E-01  0.000000E+00  1.662012E+00  3.069391E+15  1.973100E-02  3.506069E+01
  154 17.1559396  7.2530265  1.9018047  3.4512870065E+32  4.1178109725E+09  1.9893913775E+34  2.5497840060E+08  7.4976746961E-01  8.320788E-01  3.952838E-01  2.372962E-01  0.000000E+00  1.662090E+00  2.983936E+15  2.053378E-02  2.431914E+01
  155 17.1033824  7.2405399  1.8572439  3.4787873014E+32  4.2820736830E+09  1.9956428562E+34  2.5737924763E+08  7.6184341540E-01  8.232203E-01  3.953642E-01  2.385255E-01  0.000000E+00  1.662216E+00  2.929719E+15  2.135289E-02  1.773708E+01
  156 17.0522778  7.2283468  1.8181628  3.5062875962E+32  4.4501258413E+09  2.0002709631E+34  2.5773766326E+08  7.7220189891E-01  8.226519E-01  3.953210E-01  2.391410E-01  0.000000E+00  1.662277E+00  2.849827E+15  2.219090E-02  1.314368E+01
  157 17.0026401  7.2164561  1.7696695  3.5337878911E+32  4.6222987769E+09  2.0038243127E+34  2.6364325610E+08  7.8478453059E-01  8.023496E-01  3.953418E-01  2.404234E-01  0.000000E+00  1.662293E+00  2.842354E+15  2.304945E-02  1.053713E+01
  158 16.9544660  7.2048848  1.7331107  3.5612881860E+32  4.7972937556E+09  2.0065775127E+34  2.6384757806E+08  7.9417530348E-01  8.021863E-01  3.953434E-01  2.407041E-01  0.000000E+00  1.662289E+00  2.767336E+15  2.392208E-02  8.174980E+00
  159 16.9077047  7.1936452  1.6972526  3.5887884808E+32  4.9740481014E+09  2.0087161255E+34  2.6426796695E+08  8.0278202799E-01  8.013451E-01  3.953746E-01  2.407044E-01  0.000000E+00  1.662310E+00  2.698759E+15  2.480348E-02  6.462810E+00
  160 16.8623004  7.1827241  1.6628367  3.6162887757E+32  5.1532302254E+09  2.0104236347E+34  2.6433716489E+08  8.1039420691E-01  8.012640E-01  3.954342E-01  2.403899E-01  0.000000E+00  1.662372E+00  2.631430E+15  2.569698E-02  5.158623E+00
  161 16.8182259  7.1721090  1.6215422  3.6437890706E+32  5.3354844200E+09  2.0118255904E+34  2.7001562734E+08  8.2216849161E-01  7.867998E-01  3.955073E-01  2.413122E-01  0.000000E+00  1.662439E+00  2.614746E+15  2.660581E-02  4.459311E+00
  162 16.7754543  7.1618110  1.5891328  3.6712893655E+32  5.5198773130E+09  2.0129685896E+34  2.7016680968E+08  8.2926340692E-01  7.867649E-01  3.954943E-01  2.408312E-01  0.000000E+00  1.662483E+00  2.553163E+15  2.752530E-02  3.644170E+00
  163 16.7339325  7.1518350  1.5574700  3.6987896603E+32  5.7055109762E+09  2.0138907316E+34  2.7041674168E+08  8.3621503232E-01  7.863994E-01  3.954991E-01  2.402583E-01  0.000000E+00  1.662528E+00  2.495925E+15  2.845097E-02  3.009308E+00
  164 16.6936066  7.1421611  1.5268968  3.7262899552E+32  5.8930079423E+09  2.0146488962E+34  2.7049169088E+08  8.4293017088E-01  7.863871E-01  3.955212E-01  2.395897E-01  0.000000E+00  1.662567E+00  2.440557E+15  2.938594E-02  2.500527E+00
  165 16.6544442  7.1327730  1.4904960  3.7537902501E+32  6.0829658905E+09  2.0152588357E+34  2.7519819691E+08  8.5312165474E-01  7.743736E-01  3.955847E-01  2.398919E-01  0.000000E+00  1.662609E+00  2.425148E+15  3.033318E-02  2.218712E+00
  166 16.6164142  7.1236735  1.4616259  3.7812905449E+32  6.2745654824E+09  2.0157356888E+34  2.7529628129E+08  8.5971703797E-01  7.743851E-01  3.955788E-01  2.391446E-01  0.000000E+00  1.662626E+00  2.374559E+15  3.128861E-02  1.681486E+00
  167 16.5629598  7.1107219  1.4211037  3.8225409873E+32  6.5644632119E+09  2.0163090277E+34  2.7551661164E+08  8.7010061142E-01  7.742102E-01  3.955655E-01  2.385823E-01  0.000000E+00  1.662646E+00  2.304919E+15  3.273420E-02  1.397735E+00
  168 16.4931649  7.0941489  1.3621668  3.8775415770E+32  6.9548634204E+09  2.0169085903E+34  2.7965572273E+08  8.8600534102E-01  7.639006E-01  3.956024E-01  2.376440E-01  0.000000E+00  1.662675E+00  2.248047E+15  3.468096E-02  1.075890E+00
  169 16.4271697  7.0785663  1.3117981  3.9325421667E+32  7.3501402624E+09  2.0172973735E+34  2.7972244343E+08  8.9907564747E-01  7.638017E-01  3.956672E-01  2.358244E-01  0.000000E+00  1.662751E+00  2.168697E+15  3.665204E-02  7.960589E-01
  170 16.3646995  7.0639069  1.2588928  3.9875427565E+32  7.7496578714E+09  2.0175304807E+34  2.8340862119E+08  9.1480665927E-01  7.548114E-01  3.956558E-01  2.345889E-01  0.000000E+00  1.662708E+00  2.121400E+15  3.864427E-02  6.192740E-01
  171 16.3054986  7.0501025  1.2135489  4.0425433462E+32  8.1528562240E+09  2.0176468687E+34  2.8351876479E+08  9.2874070640E-01  7.547842E-01  3.956684E-01  2.327905E-01  0.000000E+00  1.662728E+00  2.054806E+15  4.065485E-02  4.631581E-01
  172 16.2493306  7.0370884  1.1657889  4.0975439360E+32  8.5592202030E+09  2.0176755515E+34  2.8673119881E+08  9.4510739854E-01  7.467310E-01  3.956991E-01  2.315141E-01  0.000000E+00  1.662729E+00  2.015410E+15  4.268121E-02  3.620638E-01
  173 16.1959772  7.0248033  1.1247584  4.1525445257E+32  8.9682998557E+09  2.0176382455E+34  2.8688245300E+08  9.6021800414E-01  7.467060E-01  3.956669E-01  2.298552E-01  0.000000E+00  1.662701E+00  1.958993E+15  4.472112E-02  2.741948E-01
  174 16.1452376  7.0131906  1.0814071  4.2075451155E+32  9.3796795348E+09  2.0175511367E+34  2.8980799009E+08  9.7746491469E-01  7.394410E-01  3.956766E-01  2.286461E-01  0.000000E+00  1.662717E+00  1.925967E+15  4.677250E-02  2.174865E-01
  175 16.0969268  7.0021974  1.0441241  4.2625457052E+32  9.7929851529E+09  2.0174265810E+34  2.8984303566E+08  9.9389735593E-01  7.394288E-01  3.957043E-01  2.271950E-01  0.000000E+00  1.662740E+00  1.877703E+15  4.883348E-02  1.675921E-01
  176 16.0508748  6.9917647  1.0046152  4.3175462950E+32  1.0207862404E+10  2.0172739737E+34  2.9255369107E+08  1.0140878497E+00  7.327875E-01  3.956940E-01  2.265744E-01  0.000000E+00  1.662671E+00  1.849550E+15  5.090230E-02  1.372296E-01
  177 16.0069248  6.9818346  0.9706233  4.3725468847E+32  1.0623989895E+10  2.0171002123E+34  2.9268193481E+08  1.0344629331E+00  7.327899E-01  3.956667E-01  2.259883E-01  0.000000E+00  1.662632E+00  1.807580E+15  5.297735E-02  1.086910E-01
  178 15.9649327  6.9723641  0.9344805  4.4275474744E+32  1.1041067548E+10  2.0169104890E+34  2.9514851935E+08  1.0561468998E+00  7.266970E-01  3.956658E-01  2.256916E-01  0.000000E+00  1.662627E+00  1.783393E+15  5.505714E-02  9.159400E-02
  179 15.9247654  6.9633171  0.9033828  4.4825480642E+32  1.1458824867E+10  2.0167084290E+34  2.9518958202E+08  1.0776410720E+00  7.266941E-01  3.956709E-01  2.253621E-01  0.000000E+00  1.662644E+00  1.746554E+15  5.714032E-02  7.492023E-02
  180 15.8863004  6.9546609  0.8701936  4.5375486539E+32  1.1877012382E+10  2.0164861934E+34  2.9738646648E+08  1.1001594333E+00  7.210383E-01  3.957074E-01  2.252568E-01  0.000000E+00  1.662681E+00  1.725503E+15  5.922564E-02  6.426995E-02
  181 15.8494248  6.9463665  0.8416372  4.5925492437E+32  1.2295409258E+10  2.0162416816E+34  2.9750776720E+08  1.1224641562E+00  7.210302E-01  3.956654E-01  2.251187E-01  0.000000E+00  1.662652E+00  1.692735E+15  6.131201E-02  5.397535E-02
  182 15.7984333  6.9347209  0.7991238  4.6750501283E+32  1.2922315369E+10  2.0158847328E+34  2.9970970693E+08  1.1570210113E+00  7.157721E-01  3.956326E-01  2.256118E-01  0.000000E+00  1.662611E+00  1.659969E+15  6.443813E-02  4.358552E-02
  183 15.7329458  6.9200029  0.7453697  4.7850513078E+32  1.3757022788E+10  2.0154163355E+34  3.0175739837E+08  1.2029497659E+00  7.108601E-01  3.956202E-01  2.256584E-01  0.000000E+00  1.662577E+00  1.615690E+15  6.860046E-02  3.307872E-02
  184 15.6721958  6.9063365  0.6954654  4.8950524873E+32  1.4589885070E+10  2.0149377048E+34  3.0356149190E+08  1.2492647275E+00  7.062523E-01  3.956645E-01  2.258395E-01  0.000000E+00  1.662623E+00  1.575884E+15  7.275359E-02  2.563417E-02
  185 15.6156240  6.8935978  0.6489689  5.0050536668E+32  1.5420009013E+10  2.0144533902E+34  3.0541007076E+08  1.2947006556E+00  7.019144E-01  3.956272E-01  2.259135E-01  0.000000E+00  1.662571E+00  1.539697E+15  7.689307E-02  2.024032E-02
  186 15.5627516  6.8816878  0.6054695  5.1150548463E+32  1.6246736859E+10  2.0139663067E+34  3.0718991400E+08  1.3391037089E+00  6.978194E-01  3.955820E-01  2.258437E-01  0.000000E+00  1.662494E+00  1.506754E+15  8.101561E-02  1.623364E-02
  187 15.5131678  6.8705188  0.5646315  5.2250560257E+32  1.7069609313E+10  2.0134785300E+34  3.0881514661E+08  1.3833955079E+00  6.939458E-01  3.955664E-01  2.257806E-01  0.000000E+00  1.662435E+00  1.476662E+15  8.511893E-02  1.319560E-02
  188 15.4665190  6.8600111  0.5261799  5.3350572052E+32  1.7888296128E+10  2.0129917187E+34  3.1028742232E+08  1.4275892115E+00  6.902785E-01  3.955770E-01  2.257211E-01  0.000000E+00  1.662406E+00  1.449026E+15  8.920137E-02  1.085145E-02
  189 15.4225000  6.8500965  0.4898728  5.4450583847E+32  1.8702582513E+10  2.0125071254E+34  3.1161677866E+08  1.4717010904E+00  6.868048E-01  3.956154E-01  2.256629E-01  0.000000E+00  1.662435E+00  1.423548E+15  9.326187E-02  9.015383E-03
  190 15.3762161  6.8396266  0.4519239  5.5688097116E+32  1.9612503413E+10  2.0119660360E+34  3.1300667731E+08  1.5212672304E+00  6.834393E-01  3.955997E-01  2.257174E-01  0.000000E+00  1.662434E+00  1.396487E+15  9.779927E-02  7.400384E-03
  191 15.3274131  6.8286411  0.4115894  5.7063111860E+32  2.0616698097E+10  2.0113703150E+34  3.1476340005E+08  1.5761571160E+00  6.794860E-01  3.955207E-01  2.256193E-01  0.000000E+00  1.662340E+00  1.369442E+15  1.028068E-01  6.014190E-03
  192 15.2815245  6.8183138  0.3736528  5.8438126604E+32  2.1613695778E+10  2.0107814509E+34  3.1636590028E+08  1.6309438435E+00  6.757869E-01  3.954732E-01  2.255114E-01  0.000000E+00  1.662249E+00  1.344522E+15  1.077784E-01  4.941995E-03
  193 15.2382256  6.8085709  0.3378205  5.9813141347E+32  2.2603242054E+10  2.0102000902E+34  3.1784215206E+08  1.6856495859E+00  6.722687E-01  3.954536E-01  2.253947E-01  0.000000E+00  1.662183E+00  1.321552E+15  1.127128E-01  4.101720E-03
  194 15.1972356  6.7993462  0.3044707  6.1188156091E+32  2.3584817338E+10  2.0096267094E+34  3.1919061167E+08  1.7414944600E+00  6.698331E-01  3.954578E-01  2.254303E-01  0.000000E+00  1.662162E+00  1.298489E+15  1.176075E-01  3.439253E-03
  195 15.1583097  6.7905775  0.2728363  6.2563170835E+32  2.4558297770E+10  2.0090618251E+34  3.2041961135E+08  1.7997213385E+00  6.675759E-01  3.954819E-01  2.257726E-01  0.000000E+00  1.662180E+00  1.276884E+15  1.224619E-01  2.906113E-03
  196 15.1246497  6.7830073  0.2453701  6.3800684104E+32  2.5428281707E+10  2.0085607233E+34  3.2151204281E+08  1.8524090758E+00  6.654821E-01  3.955215E-01  2.260521E-01  0.000000E+00  1.662218E+00  1.258832E+15  1.268001E-01  2.511997E-03
  197 15.0832201  6.7735198  0.2122857  6.5450701796E+32  2.6575541601E+10  2.0079069848E+34  3.2245910336E+08  1.9228716650E+00  6.637455E-01  3.955365E-01  2.268359E-01  0.000000E+00  1.662231E+00  1.234883E+15  1.325210E-01  2.084364E-03
  198 15.0298230  6.7614239  0.1689111  6.7650725386E+32  2.8091045636E+10  2.0070531648E+34  3.2433139317E+08  2.0174019641E+00  6.605988E-01  3.954901E-01  2.275087E-01  0.000000E+00  1.662177E+00  1.206672E+15  1.400782E-01  1.645911E-03
  199 14.9882315  6.7520511  0.1348289  6.9438244553E+32  2.9311939488E+10  2.0063752480E+34  3.2593704148E+08  2.0943871601E+00  6.577864E-01  3.954803E-01  2.278710E-01  0.000000E+00  1.662169E+00  1.185981E+15  1.461663E-01  1.370400E-03
  200 14.9580932  6.7451831  0.1104447  7.0813259296E+32  3.0243768366E+10  2.0058659136E+34  3.2685635768E+08  2.1538494131E+00  6.561133E-01  3.954906E-01  2.283258E-01  0.000000E+00  1.662179E+00  1.170378E+15  1.508129E-01  1.195735E-03
  201 14.9290028  6.7385398  0.0868925  7.2188274040E+32  3.1169737038E+10  2.0053657629E+34  3.2778173788E+08  2.2137010798E+00  6.544545E-01  3.954883E-01  2.288133E-01  0.000000E+00  1.662159E+00  1.155534E+15  1.554303E-01  1.047767E-03
  202 14.9008758  6.7321024  0.0641692  7.3563288784E+32  3.2090123090E+10  2.0048747013E+34  3.2872088800E+08  2.2736712577E+00  6.528987E-01  3.954529E-01  2.293039E-01  0.000000E+00  1.662104E+00  1.141208E+15  1.600199E-01  9.210182E-04
  203 14.8736366  6.7258542  0.0421873  7.4938303527E+32  3.3005188427E+10  2.0043926124E+34  3.2962329888E+08  2.3339619813E+00  6.514114E-01  3.954207E-01  2.298180E-01  0.000000E+00  1.662060E+00  1.127446E+15  1.645829E-01  8.121367E-04
  204 14.8472174  6.7197800  0.0208901  7.6313318271E+32  3.3915203274E+10  2.0039193739E+34  3.3044837122E+08  2.3945307874E+00  6.499904E-01  3.954093E-01  2.303505E-01  0.000000E+00  1.662045E+00  1.114218E+15  1.691208E-01  7.183755E-04
  205 14.8215576  6.7138662  0.0002284  7.7688333014E+32  3.4820428599E+10  2.0034548715E+34  3.3123290092E+08  2.4554122315E+00  6.486328E-01  3.954028E-01  2.309045E-01  0.000000E+00  1.662042E+00  1.101466E+15  1.736348E-01  6.369171E-04
  206 14.7966022  6.7081005 -0.0198392  7.9063347758E+32  3.5721110508E+10  2.0029989920E+34  3.3194394213E+08  2.5166139476E+00  6.473368E-01  3.954134E-01  2.314801E-01  0.000000E+00  1.662055E+00  1.089148E+15  1.781261E-01  5.662153E-04
  207 14.7723017  6.7024718 -0.0393477  8.0438362502E+32  3.6617477177E+10  2.0025516281E+34  3.3260959356E+08  2.5781014192E+00  6.461037E-01  3.954270E-01  2.320740E-01  0.000000E+00  1.662068E+00  1.077204E+15  1.825959E-01  5.044464E-04
  208 14.7486110  6.6969699 -0.0583313  8.1813377245E+32  3.7509760583E+10  2.0021126587E+34  3.3325587642E+08  2.6398314759E+00  6.449299E-01  3.954321E-01  2.326824E-01  0.000000E+00  1.662062E+00  1.065589E+15  1.870453E-01  4.503457E-04
  209 14.7200656  6.6902845 -0.0809789  8.3532145675E+32  3.8618794576E+10  2.0015767347E+34  3.3401803582E+08  2.7178715885E+00  6.437554E-01  3.953851E-01  2.335966E-01  0.000000E+00  1.661991E+00  1.051170E+15  1.925756E-01  3.918927E-04
  210 14.6865470  6.6824492 -0.1077603  8.5594667790E+32  3.9942699936E+10  2.0009486987E+34  3.3500970522E+08  2.8113347593E+00  6.421287E-01  3.953492E-01  2.345543E-01  0.000000E+00  1.661932E+00  1.034953E+15  1.991774E-01  3.328624E-04
  211 14.6540947  6.6748337 -0.1336261  8.7657189906E+32  4.1259220234E+10  2.0003385035E+34  3.3589473483E+08  2.9044468944E+00  6.406127E-01  3.953340E-01  2.354675E-01  0.000000E+00  1.661898E+00  1.019354E+15  2.057423E-01  2.837260E-04
  212 14.6226113  6.6674180 -0.1586754  8.9719712021E+32  4.2569014390E+10  1.9997458066E+34  3.3671395570E+08  2.9973991032E+00  6.391705E-01  3.953283E-01  2.363535E-01  0.000000E+00  1.661871E+00  1.004347E+15  2.122737E-01  2.426561E-04
  213 14.5920110  6.6601851 -0.1829728  9.1782234136E+32  4.3872710529E+10  1.9991702876E+34  3.3742934590E+08  3.0898245163E+00  6.378110E-01  3.953460E-01  2.371850E-01  0.000000E+00  1.661872E+00  9.898771E+14  2.187747E-01  2.081511E-04
  214 14.5622175  6.6531193 -0.2065798  9.3844756252E+32  4.5170899757E+10  1.9986116567E+34  3.3806373642E+08  3.1818512508E+00  6.365332E-01  3.953780E-01  2.379743E-01  0.000000E+00  1.661892E+00  9.758882E+14  2.252482E-01  1.789524E-04
  215 14.5331628  6.6462063 -0.2295441  9.5907278367E+32  4.6464130277E+10  1.9980696067E+34  3.3885512344E+08  3.2737997069E+00  6.353342E-01  3.953271E-01  2.387483E-01  0.000000E+00  1.661835E+00  9.622653E+14  2.316970E-01  1.542348E-04
  216 14.5047858  6.6394323 -0.2519238  9.7969800483E+32  4.7752924362E+10  1.9975438304E+34  3.3957040884E+08  3.3660262235E+00  6.342025E-01  3.952936E-01  2.395354E-01  0.000000E+00  1.661802E+00  9.490497E+14  2.381237E-01  1.332327E-04
  217 14.4770317  6.6327841 -0.2737626  1.0003232260E+33  4.9037790031E+10  1.9970340733E+34  3.4024025776E+08  3.4589429611E+00  6.331341E-01  3.952650E-01  2.403672E-01  0.000000E+00  1.661780E+00  9.361985E+14  2.445307E-01  1.152658E-04
  218 14.4498510  6.6262491 -0.2950997  1.0209484471E+33  5.0319208242E+10  1.9965401287E+34  3.4082324302E+08  3.5529319055E+00  6.321273E-01  3.952587E-01  2.412721E-01  0.000000E+00  1.661780E+00  9.236859E+14  2.509206E-01  9.989411E-05
  219 14.4231985  6.6198151 -0.3159701  1.0415736683E+33  5.1597635590E+10  1.9960618202E+34  3.4136292944E+08  3.6483308100E+00  6.311826E-01  3.952558E-01  2.422746E-01  0.000000E+00  1.661779E+00  9.114693E+14  2.572956E-01  8.671615E-05
  220 14.3970336  6.6134702 -0.3364054  1.0621988894E+33  5.2873504377E+10  1.9955989976E+34  3.4181682958E+08  3.7454096827E+00  6.302938E-01  3.952758E-01  2.433946E-01  0.000000E+00  1.661805E+00  8.995368E+14  2.636578E-01  7.533582E-05
  221 14.3713186  6.6072033 -0.3564316  1.0828241106E+33  5.4147221226E+10  1.9951515408E+34  3.4222062670E+08  3.8444080756E+00  6.294594E-01  3.953017E-01  2.446496E-01  0.000000E+00  1.661834E+00  8.878462E+14  2.700093E-01  6.553135E-05
  222 14.3460192  6.6010033 -0.3760747  1.1034493318E+33  5.5419168585E+10  1.9947193539E+34  3.4258296276E+08  3.9455328018E+00  6.286758E-01  3.953319E-01  2.460552E-01  0.000000E+00  1.661870E+00  8.763771E+14  2.763520E-01  5.705588E-05
  223 14.3211039  6.5948595 -0.3953491  1.1240745529E+33  5.6689697175E+10  1.9943023592E+34  3.4310474192E+08  4.0493287358E+00  6.279447E-01  3.952808E-01  2.476489E-01  0.000000E+00  1.661798E+00  8.650300E+14  2.826876E-01  4.969633E-05
  224 14.2965434  6.5887613 -0.4142860  1.1446997741E+33  5.7959141857E+10  1.9939005079E+34  3.4356702999E+08  4.1557030056E+00  6.272574E-01  3.952464E-01  2.494286E-01  0.000000E+00  1.661745E+00  8.538741E+14  2.890177E-01  4.331989E-05
  225 14.2723104  6.5826984 -0.4329029  1.1653249952E+33  5.9227831517E+10  1.9935137940E+34  3.4400333833E+08  4.2647883457E+00  6.266099E-01  3.952165E-01  2.514074E-01  0.000000E+00  1.661699E+00  8.428797E+14  2.953442E-01  3.776425E-05
  226 14.2483797  6.5766608 -0.4512172  1.1859502164E+33  6.0496075974E+10  1.9931422478E+34  3.4437449300E+08  4.3767913955E+00  6.260001E-01  3.952053E-01  2.536038E-01  0.000000E+00  1.661678E+00  8.320395E+14  3.016684E-01  3.292742E-05
  227 14.2247277  6.5706385 -0.4692432  1.2065754375E+33  6.1764167044E+10  1.9927859338E+34  3.4472098675E+08  4.4918737153E+00  6.254224E-01  3.951976E-01  2.560347E-01  0.000000E+00  1.661674E+00  8.213280E+14  3.079918E-01  2.871440E-05
  228 14.2013320  6.5646214 -0.4869953  1.2272006587E+33  6.3032378937E+10  1.9924449573E+34  3.4499415189E+08  4.6103056598E+00  6.248764E-01  3.952120E-01  2.587250E-01  0.000000E+00  1.661701E+00  8.107372E+14  3.143158E-01  2.502609E-05
  229 14.1781717  6.5585989 -0.5044836  1.2478258798E+33  6.4300967641E+10  1.9921194682E+34  3.4524204837E+08  4.7324616800E+00  6.243604E-01  3.952271E-01  2.617074E-01  0.000000E+00  1.661737E+00  8.002351E+14  3.206417E-01  2.180987E-05
  230 14.1552269  6.5525602 -0.5217211  1.2684511010E+33  6.5570171468E+10  1.9918096643E+34  3.4541499330E+08  4.8586884694E+00  6.238710E-01  3.952663E-01  2.650153E-01  0.000000E+00  1.661809E+00  7.898218E+14  3.269707E-01  1.899212E-05
  231 14.1324789  6.5464935 -0.5387136  1.2890763221E+33  6.6840197436E+10  1.9915157987E+34  3.4554939646E+08  4.9894497573E+00  6.234122E-01  3.953137E-01  2.686916E-01  0.000000E+00  1.661889E+00  7.794611E+14  3.333038E-01  1.652598E-05
  232 14.1154102  6.5419145 -0.5514776  1.3045452380E+33  6.7793352765E+10  1.9913045041E+34  3.4574544016E+08  5.0898650051E+00  6.230072E-01  3.953243E-01  2.715993E-01  0.000000E+00  1.661912E+00  7.717843E+14  3.380568E-01  1.488097E-05
  233 14.1005019  6.5378263 -0.5624394  1.3182953854E+33  6.8641368235E+10  1.9911267637E+34  3.4591566954E+08  5.1829123755E+00  6.227883E-01  3.953033E-01  2.745670E-01  0.000000E+00  1.661889E+00  7.647921E+14  3.422855E-01  1.354791E-05
  234 14.0836884  6.5331926 -0.5748306  1.3337643013E+33  6.9595909380E+10  1.9909341567E+34  3.4616130204E+08  5.2901407876E+00  6.224662E-01  3.952749E-01  2.780704E-01  0.000000E+00  1.661845E+00  7.570239E+14  3.470454E-01  1.218208E-05
  235 14.0688463  6.5290414 -0.5856775  1.3475144487E+33  7.0445093220E+10  1.9907715081E+34  3.4633254156E+08  5.3885521222E+00  6.222244E-01  3.952587E-01  2.814701E-01  0.000000E+00  1.661817E+00  7.500791E+14  3.512799E-01  1.107729E-05
  236 14.0540624  6.5248542 -0.5964273  1.3612645962E+33  7.1294906949E+10  1.9906166422E+34  3.4648113627E+08  5.4901738526E+00  6.219856E-01  3.952509E-01  2.851465E-01  0.000000E+00  1.661800E+00  7.431363E+14  3.555176E-01  1.006260E-05
  237 14.0375328  6.5200937 -0.6083433  1.3767335120E+33  7.2251743668E+10  1.9904525282E+34  3.4663206781E+08  5.6089012736E+00  6.217524E-01  3.952410E-01  2.896872E-01  0.000000E+00  1.661775E+00  7.352727E+14  3.602889E-01  9.025780E-06
  238 14.0174115  6.5141913 -0.6227353  1.3956399648E+33  7.3422282901E+10  1.9902661397E+34  3.4677903552E+08  5.7606594931E+00  6.214760E-01  3.952425E-01  2.958338E-01  0.000000E+00  1.661763E+00  7.256312E+14  3.661259E-01  7.885837E-06
  239 13.9955000  6.5076303 -0.6382770  1.4162651859E+33  7.4700618043E+10  1.9900805194E+34  3.4690215019E+08  5.9350781342E+00  6.211704E-01  3.952599E-01  3.033351E-01  0.000000E+00  1.661777E+00  7.150720E+14  3.725004E-01  6.791247E-06
  240 13.9790090  6.5026180 -0.6499289  1.4317341018E+33  7.5660345544E+10  1.9899525560E+34  3.4700622402E+08  6.0717220169E+00  6.208992E-01  3.952766E-01  3.094716E-01  0.000000E+00  1.661803E+00  7.071597E+14  3.772862E-01  6.059932E-06
  241 13.9654318  6.4983612 -0.6593366  1.4446248650E+33  7.6461067314E+10  1.9898573876E+34  3.4701921054E+08  6.1914059209E+00  6.207529E-01  3.953027E-01  3.152352E-01  0.000000E+00  1.661844E+00  7.004203E+14  3.812790E-01  5.503194E-06
  242 13.9508941  6.4937447 -0.6693783  1.4583750124E+33  7.7315709657E+10  1.9897637819E+34  3.4702803878E+08  6.3224403266E+00  6.205579E-01  3.953415E-01  3.217538E-01  0.000000E+00  1.661905E+00  6.932320E+14  3.855408E-01  4.957887E-06
  243 13.9373283  6.4893288 -0.6786132  1.4712657757E+33  7.8117593840E+10  1.9896860699E+34  3.4701341195E+08  6.4518979511E+00  6.204129E-01  3.953776E-01  3.285380E-01  0.000000E+00  1.661970E+00  6.863802E+14  3.895394E-01  4.489283E-06
  244 13.9228583  6.4845185 -0.6883662  1.4850159231E+33  7.8973473019E+10  1.9896130853E+34  3.4696666587E+08  6.5973156826E+00  6.202540E-01  3.954299E-01  3.364964E-01  0.000000E+00  1.662059E+00  6.790019E+14  3.938073E-01  4.029748E-06
  245 13.9083999  6.4795908 -0.6979828  1.4987660705E+33  7.9829875825E+10  1.9895512031E+34  3.4687828810E+08  6.7513778876E+00  6.201044E-01  3.954972E-01  3.453361E-01  0.000000E+00  1.662169E+00  6.715186E+14  3.980779E-01  3.610413E-06
  246 13.8939482  6.4745302 -0.7074490  1.5125162180E+33  8.0686712428E+10  1.9895010865E+34  3.4685754630E+08  6.9154676229E+00  6.199647E-01  3.955347E-01  3.552097E-01  0.000000E+00  1.662237E+00  6.638810E+14  4.023505E-01  3.226229E-06
  247 13.8759608  6.4679718 -0.7189381  1.5297039023E+33  8.1758067384E+10  1.9894583890E+34  3.4690138636E+08  7.1390154831E+00  6.198288E-01  3.955447E-01  3.695141E-01  0.000000E+00  1.662268E+00  6.540332E+14  4.076929E-01  2.792293E-06
  248 13.8578172  6.4611702 -0.7303708  1.5468915866E+33  8.2829567997E+10  1.9894328607E+34  3.4692748227E+08  7.3806681042E+00  6.196456E-01  3.955734E-01  3.857386E-01  0.000000E+00  1.662323E+00  6.440261E+14  4.130360E-01  2.405902E-06
  249 13.8433489  6.4555190 -0.7392392  1.5606417340E+33  8.3686811062E+10  1.9894304738E+34  3.4691182606E+08  7.5917985868E+00  6.195221E-01  3.956059E-01  4.007143E-01  3.956059E-01  1.662223E+00  6.357370E+14  4.173108E-01  2.127765E-06
  250 13.8306500  6.4505016 -0.7469728  1.5726731130E+33  8.4436813706E+10  1.9894387814E+34  3.4689058110E+08  7.7846305828E+00  6.194005E-01  3.956394E-01  4.147297E-01  3.956394E-01  1.662272E+00  6.285284E+14  4.210507E-01  1.908445E-06
  251 13.8162036  6.4447716 -0.7557198  1.5864232604E+33  8.5295431624E+10  1.9894577912E+34  3.4681777550E+08  8.0105445091E+00  6.193024E-01  3.956875E-01  4.314063E-01  3.956876E-01  1.662340E+00  6.203593E+14  4.253323E-01  1.684820E-06
  252 13.8016164  6.4390142 -0.7670969  1.6001734079E+33  8.6155967114E+10  1.9894795907E+34  3.4867088171E+08  8.1560431494E+00  6.156418E-01  3.957518E-01  4.440204E-01  3.957518E-01  1.662423E+00  6.158215E+14  4.296234E-01  1.508587E-06
  253 13.7871131  6.4332604 -0.7758015  1.6139235553E+33  8.7018265695E+10  1.9895024054E+34  3.4864717264E+08  8.3923456016E+00  6.156402E-01  3.957526E-01  4.619638E-01  3.957526E-01  1.662486E+00  6.076768E+14  4.339233E-01  1.330248E-06
  254 13.7706582  6.4267571 -0.7857041  1.6293924712E+33  8.7988665444E+10  1.9895277964E+34  3.4859682028E+08  8.6652702900E+00  6.156416E-01  3.957626E-01  4.829785E-01  3.957627E-01  1.662517E+00  5.985884E+14  4.387623E-01  1.153679E-06
  255 13.7560154  6.4209622 -0.7945101  1.6431426186E+33  8.8851865295E+10  1.9895500707E+34  3.4852894094E+08  8.9145666254E+00  6.156454E-01  3.957805E-01  5.025020E-01  3.957806E-01  1.662553E+00  5.906103E+14  4.430667E-01  1.016174E-06
  256 13.7413247  6.4151482 -0.8033450  1.6568927661E+33  8.9715817146E+10  1.9895720685E+34  3.4845490560E+08  9.1703651275E+00  6.156538E-01  3.958015E-01  5.228480E-01  3.958016E-01  1.662597E+00  5.827157E+14  4.473749E-01  8.946958E-07
  257 13.7265804  6.4093125 -0.8122135  1.6706429135E+33  9.0580729365E+10  1.9895937732E+34  3.4836547999E+08  9.4328813798E+00  6.156642E-01  3.958295E-01  5.440603E-01  3.958296E-01  1.662649E+00  5.749029E+14  4.516878E-01  7.873840E-07
  258 13.7117767  6.4034528 -0.8211196  1.6843930609E+33  9.1446812909E+10  1.9896151866E+34  3.4825170240E+08  9.7023411632E+00  6.156755E-01  3.958676E-01  5.661860E-01  3.958677E-01  1.662710E+00  5.671694E+14  4.560066E-01  6.926736E-07
  259 13.6969075  6.3975666 -0.8300659  1.6981432084E+33  9.2314279882E+10  1.9896363117E+34  3.4812798130E+08  9.9752566292E+00  6.156875E-01  3.959107E-01  5.890552E-01  3.959108E-01  1.662780E+00  5.595106E+14  4.603323E-01  6.090786E-07
  260 13.6819670  6.3916518 -0.8390462  1.7118933558E+33  9.3183333631E+10  1.9896571544E+34  3.4812232161E+08  1.0250186440E+01  6.156929E-01  3.959083E-01  6.126104E-01  3.959084E-01  1.662838E+00  5.519034E+14  4.646659E-01  5.353447E-07
  261 13.6669488  6.3857063 -0.8480744  1.7256435032E+33  9.4054180382E+10  1.9896777151E+34  3.4809761375E+08  1.0532580477E+01  6.156953E-01  3.959133E-01  6.372083E-01  3.959135E-01  1.662859E+00  5.443506E+14  4.690084E-01  4.703709E-07
  262 13.6518469  6.3797275 -0.8571542  1.7393936507E+33  9.4927039430E+10  1.9896979937E+34  3.4805353996E+08  1.0821182592E+01  6.156948E-01  3.959259E-01  6.628151E-01  3.959260E-01  1.662891E+00  5.368649E+14  4.733610E-01  4.130453E-07
  263 13.6366548  6.3737128 -0.8662878  1.7531437981E+33  9.5802131549E+10  1.9897179959E+34  3.4800958876E+08  1.1115526163E+01  6.156921E-01  3.959365E-01  6.894442E-01  3.959366E-01  1.662927E+00  5.294388E+14  4.777247E-01  3.626269E-07
  264 13.6213660  6.3676596 -0.8754808  1.7668939455E+33  9.6679681541E+10  1.9897377229E+34  3.4794444982E+08  1.1418382407E+01  6.156879E-01  3.959547E-01  7.173136E-01  3.959549E-01  1.662974E+00  5.220742E+14  4.821007E-01  3.181861E-07
  265 13.6059738  6.3615651 -0.8847375  1.7806440930E+33  9.7559920476E+10  1.9897571755E+34  3.4785610503E+08  1.1730255883E+01  6.156821E-01  3.959816E-01  7.465097E-01  3.959818E-01  1.663032E+00  5.147684E+14  4.864901E-01  2.790667E-07
  266 13.5904714  6.3554265 -0.8940609  1.7943942404E+33  9.8443083166E+10  1.9897763556E+34  3.4775711691E+08  1.2051690115E+01  6.156775E-01  3.960109E-01  7.771258E-01  3.960110E-01  1.663089E+00  5.075137E+14  4.908940E-01  2.446806E-07
  267 13.5748516  6.3492411 -0.9034508  1.8081443879E+33  9.9329404192E+10  1.9897952656E+34  3.4770002699E+08  1.2383295650E+01  6.156815E-01  3.960217E-01  8.092641E-01  3.960219E-01  1.663151E+00  5.003041E+14  4.953138E-01  2.143917E-07
  268 13.5591071  6.3430063 -0.9129117  1.8218945353E+33  1.0021911977E+11  1.9898139054E+34  3.4769158251E+08  1.2725619324E+01  6.156926E-01  3.960124E-01  8.430272E-01  3.960126E-01  1.663176E+00  4.931251E+14  4.997504E-01  1.878167E-07
  269 13.5432303  6.3367192 -0.9224542  1.8356446827E+33  1.0111247895E+11  1.9898322768E+34  3.4767577106E+08  1.3079136861E+01  6.157045E-01  3.960071E-01  8.785205E-01  3.960073E-01  1.663188E+00  4.859883E+14  5.042052E-01  1.644452E-07
  270 13.5272133  6.3303767 -0.9320829  1.8493948302E+33  1.0200974393E+11  1.9898503836E+34  3.4765208501E+08  1.3444461469E+01  6.157169E-01  3.960059E-01  9.158668E-01  3.960061E-01  1.663200E+00  4.788953E+14  5.086795E-01  1.438876E-07
  271 13.5110480  6.3239753 -0.9418029  1.8631449776E+33  1.0291118502E+11  1.9898682270E+34  3.4760869478E+08  1.3822223336E+01  6.157290E-01  3.960125E-01  9.551987E-01  3.960128E-01  1.663218E+00  4.718456E+14  5.131746E-01  1.258820E-07
  272 13.4947259  6.3175117 -0.9516189  1.8768951250E+33  1.0381708111E+11  1.9898858082E+34  3.4755239324E+08  1.4213089536E+01  6.157396E-01  3.960254E-01  9.966601E-01  3.960256E-01  1.663242E+00  4.648364E+14  5.176919E-01  1.100459E-07
  273 13.4782380  6.3109822 -0.9615362  1.8906452725E+33  1.0472771991E+11  1.9899031279E+34  3.4748651495E+08  1.4617742239E+01  6.157475E-01  3.960437E-01  1.040406E+00  3.960440E-01  1.663273E+00  4.578654E+14  5.222329E-01  9.614338E-08
  274 13.4615750  6.3043830 -0.9715609  1.9043954199E+33  1.0564339996E+11  1.9899201866E+34  3.4739659868E+08  1.5036866632E+01  6.157541E-01  3.960714E-01  1.086602E+00  3.960717E-01  1.663314E+00  4.509311E+14  5.267990E-01  8.396695E-08
  275 13.4447273  6.2977103 -0.9816897  1.9181455673E+33  1.0656442222E+11  1.9899369864E+34  3.4735121594E+08  1.5468278464E+01  6.157609E-01  3.960832E-01  1.135213E+00  3.960835E-01  1.663366E+00  4.440225E+14  5.313917E-01  7.326969E-08
  276 13.4276846  6.2909603 -0.9919288  1.9318957148E+33  1.0749109028E+11  1.9899535272E+34  3.4736300116E+08  1.5909089848E+01  6.157690E-01  3.960739E-01  1.186150E+00  3.960742E-01  1.663409E+00  4.371318E+14  5.360126E-01  6.388981E-08
  277 13.4104361  6.2841289 -1.0022949  1.9456458622E+33  1.0842373210E+11  1.9899698105E+34  3.4735718770E+08  1.6365509645E+01  6.157770E-01  3.960711E-01  1.240008E+00  3.960714E-01  1.663451E+00  4.302700E+14  5.406633E-01  5.567884E-08
  278 13.3929706  6.2772115 -1.0127930  1.9593960097E+33  1.0936269944E+11  1.9899858390E+34  3.4734104223E+08  1.6838576882E+01  6.157864E-01  3.960709E-01  1.297027E+00  3.960712E-01  1.663489E+00  4.234318E+14  5.453456E-01  4.847133E-08
  279 13.3752760  6.2702034 -1.0234296  1.9731461571E+33  1.1030835732E+11  1.9900016132E+34  3.4731497095E+08  1.7329401165E+01  6.157981E-01  3.960725E-01  1.357474E+00  3.960728E-01  1.663516E+00  4.166128E+14  5.500612E-01  4.215081E-08
  280 13.3573396  6.2630995 -1.0342144  1.9868963045E+33  1.1126108975E+11  1.9900171330E+34  3.4726728270E+08  1.7839122261E+01  6.158103E-01  3.960818E-01  1.421635E+00  3.960821E-01  1.663544E+00  4.098155E+14  5.548120E-01  3.662416E-08
  281 13.3391481  6.2558943 -1.0451533  2.0006464520E+33  1.1222129979E+11  1.9900323990E+34  3.4720851157E+08  1.8369114278E+01  6.158205E-01  3.960944E-01  1.489843E+00  3.960948E-01  1.663563E+00  4.030332E+14  5.596002E-01  3.177744E-08
  282 13.3206872  6.2485820 -1.0562559  2.0143965994E+33  1.1318941004E+11  1.9900474109E+34  3.4713157715E+08  1.8920796297E+01  6.158296E-01  3.961138E-01  1.562458E+00  3.961142E-01  1.663582E+00  3.962664E+14  5.644277E-01  2.753032E-08
  283 13.3019416  6.2411567 -1.0675262  2.0281467468E+33  1.1416586143E+11  1.9900621691E+34  3.4706288509E+08  1.9495901130E+01  6.158400E-01  3.961304E-01  1.639898E+00  3.961308E-01  1.663607E+00  3.895098E+14  5.692969E-01  2.381429E-08
  284 13.2828951  6.2336122 -1.0789613  2.0418968943E+33  1.1515110003E+11  1.9900766738E+34  3.4709472298E+08  2.0096526265E+01  6.158453E-01  3.961115E-01  1.722641E+00  3.961119E-01  1.663635E+00  3.827495E+14  5.742099E-01  2.056384E-08
  285 13.2635304  6.2259419 -1.0905922  2.0556470417E+33  1.1614560823E+11  1.9900909265E+34  3.4710893148E+08  2.0723971287E+01  6.158493E-01  3.960998E-01  1.811138E+00  3.961001E-01  1.663666E+00  3.760009E+14  5.791691E-01  1.771904E-08
  286 13.2438289  6.2181384 -1.1024296  2.0693971891E+33  1.1714992124E+11  1.9901049284E+34  3.4710922966E+08  2.1380395677E+01  6.158529E-01  3.960934E-01  1.905964E+00  3.960938E-01  1.663704E+00  3.692620E+14  5.841771E-01  1.523173E-08
  287 13.2237706  6.2101936 -1.1144844  2.0831473366E+33  1.1816460579E+11  1.9901186794E+34  3.4709963579E+08  2.2068209808E+01  6.158572E-01  3.960914E-01  2.007769E+00  3.960918E-01  1.663749E+00  3.625291E+14  5.892369E-01  1.305920E-08
  288 13.2033339  6.2020989 -1.1267708  2.0968974840E+33  1.1919026588E+11  1.9901321790E+34  3.4706593997E+08  2.2790025264E+01  6.158620E-01  3.960995E-01  2.117285E+00  3.960999E-01  1.663802E+00  3.558005E+14  5.943515E-01  1.116250E-08
  289 13.1824956  6.1938449 -1.1393004  2.1106476315E+33  1.2022754473E+11  1.9901454266E+34  3.4702160405E+08  2.3557973507E+01  6.158749E-01  3.961126E-01  2.236221E+00  3.961130E-01  1.663857E+00  3.490696E+14  5.995240E-01  9.508666E-09
  290 13.1612307  6.1854214 -1.1520902  2.1243977789E+33  1.2127713008E+11  1.9901584214E+34  3.4695155132E+08  2.4369397413E+01  6.158897E-01  3.961378E-01  2.365011E+00  3.961383E-01  1.663921E+00  3.423368E+14  6.047578E-01  8.068909E-09
  291 13.1395117  6.1768174 -1.1651552  2.1381479263E+33  1.2233976061E+11  1.9901711625E+34  3.4686001099E+08  2.5224433745E+01  6.159069E-01  3.961723E-01  2.504422E+00  3.961727E-01  1.663990E+00  3.355966E+14  6.100567E-01  6.817868E-09
  292 13.1173090  6.1680216 -1.1784885  2.1518980738E+33  1.2341619843E+11  1.9901836495E+34  3.4687427374E+08  2.6127473715E+01  6.159263E-01  3.961594E-01  2.655725E+00  3.961599E-01  1.664041E+00  3.288225E+14  6.154244E-01  5.733543E-09
  293 13.0945903  6.1590215 -1.1921352  2.1656482212E+33  1.2450726896E+11  1.9901958828E+34  3.4687876569E+08  2.7081393082E+01  6.159443E-01  3.961468E-01  2.820166E+00  3.961473E-01  1.664068E+00  3.220301E+14  6.208651E-01  4.795792E-09
  294 13.0713198  6.1498031 -1.2061175  2.1793983686E+33  1.2561390003E+11  1.9902078623E+34  3.4686921787E+08  2.8090557070E+01  6.159585E-01  3.961368E-01  2.999307E+00  3.961374E-01  1.664096E+00  3.152214E+14  6.263834E-01  3.987236E-09
  295 13.0474588  6.1403509 -1.2204616  2.1931485161E+33  1.2673710282E+11  1.9902195868E+34  3.4683217121E+08  2.9159826279E+01  6.159718E-01  3.961381E-01  3.194955E+00  3.961386E-01  1.664131E+00  3.083955E+14  6.319844E-01  3.292233E-09
  296 13.0229640  6.1306474 -1.2351900  2.2068986635E+33  1.2787797680E+11  1.9902310548E+34  3.4678213593E+08  3.0295016811E+01  6.159773E-01  3.961472E-01  3.409246E+00  3.961478E-01  1.664180E+00  3.015465E+14  6.376734E-01  2.697723E-09
  297 12.9977881  6.1206740 -1.2503045  2.2206488109E+33  1.2903768214E+11  1.9902422655E+34  3.4680957730E+08  3.1503747072E+01  6.159844E-01  3.961353E-01  3.644783E+00  3.961359E-01  1.664243E+00  2.946520E+14  6.434564E-01  2.192073E-09
  298 12.9718780  6.1104101 -1.2658622  2.2343989584E+33  1.3021749138E+11  1.9902532187E+34  3.4683017848E+08  3.2792261694E+01  6.159966E-01  3.961246E-01  3.904343E+00  3.961252E-01  1.664316E+00  2.877240E+14  6.493396E-01  1.764448E-09
  299 12.9451748  6.0998321 -1.2819055  2.2481491058E+33  1.3141885112E+11  1.9902639126E+34  3.4682363572E+08  3.4169068793E+01  6.160178E-01  3.961245E-01  4.191376E+00  3.961251E-01  1.664382E+00  2.807588E+14  6.553303E-01  1.405210E-09
  300 12.9176124  6.0889135 -1.2984734  2.2618992533E+33  1.3264336743E+11  1.9902743451E+34  3.4679837725E+08  3.5662741343E+01  6.160480E-01  3.961330E-01  4.512366E+00  3.961337E-01  1.664439E+00  2.737497E+14  6.614364E-01  1.105612E-09
  301 12.8891165  6.0776247 -1.3156063  2.2756494007E+33  1.3389281427E+11  1.9902845134E+34  3.4675532795E+08  3.7263243870E+01  6.160766E-01  3.961508E-01  4.869674E+00  3.961515E-01  1.664495E+00  2.666891E+14  6.676669E-01  8.583076E-10
  302 12.8596028  6.0659322 -1.3333231  2.2893995481E+33  1.3516911590E+11  1.9902944161E+34  3.4676574546E+08  3.8983787845E+01  6.160753E-01  3.961523E-01  5.269207E+00  3.961531E-01  1.664596E+00  2.595583E+14  6.740313E-01  6.564493E-10
  303 12.8289753  6.0537982 -1.3517174  2.3031496956E+33  1.3647443898E+11  1.9903040512E+34  3.4675377053E+08  4.0836649616E+01  6.160705E-01  3.961628E-01  5.717700E+00  3.961636E-01  1.664719E+00  2.523676E+14  6.805403E-01  4.936951E-10
  304 12.7971244  6.0411787 -1.3708593  2.3168998430E+33  1.3781128855E+11  1.9903134151E+34  3.4671166592E+08  4.2839626787E+01  6.160715E-01  3.961888E-01  6.223874E+00  3.961896E-01  1.664853E+00  2.451092E+14  6.872066E-01  3.643503E-10
  305 12.7639232  6.0280237 -1.3907847  2.3306499904E+33  1.3918244544E+11  1.9903225060E+34  3.4675350772E+08  4.5019196751E+01  6.161037E-01  3.961885E-01  6.799298E+00  3.961893E-01  1.664994E+00  2.377499E+14  6.940440E-01  2.629902E-10
  306 12.7292245  6.0142748 -1.4116198  2.3444001379E+33  1.4059108384E+11  1.9903313208E+34  3.4674790785E+08  4.7401739586E+01  6.161390E-01  3.962030E-01  7.457696E+00  3.962039E-01  1.665160E+00  2.303033E+14  7.010683E-01  1.851459E-10
  307 12.6928559  5.9998631 -1.4334680  2.3581502853E+33  1.4204091791E+11  1.9903398537E+34  3.4669057074E+08  5.0024456325E+01  6.161704E-01  3.962343E-01  8.217376E+00  3.962353E-01  1.665352E+00  2.227563E+14  7.082980E-01  1.267890E-10
  308 12.6546132  5.9847082 -1.4564073  2.3719004327E+33  1.4353617354E+11  1.9903481027E+34  3.4676873690E+08  5.2895643529E+01  6.161896E-01  3.962103E-01  9.095450E+00  3.962113E-01  1.665505E+00  2.150633E+14  7.157542E-01  8.389798E-11
  309 12.6142527  5.9687141 -1.4806376  2.3856505802E+33  1.4508181841E+11  1.9903560636E+34  3.4680456499E+08  5.6159832971E+01  6.162052E-01  3.962145E-01  1.013766E+01  3.962156E-01  1.665661E+00  2.072416E+14  7.234617E-01  5.348331E-11
  310 12.5714797  5.9517627 -1.5063228  2.3994007276E+33  1.4668380037E+11  1.9903637273E+34  3.4680699830E+08  5.9937586658E+01  6.162224E-01  3.962318E-01  1.139592E+01  3.962329E-01  1.665872E+00  1.992710E+14  7.314501E-01  3.257001E-11
  311 12.5374279  5.9383753 -1.5268449  2.4097133382E+33  1.4792023914E+11  1.9903693071E+34  3.4691530683E+08  6.3249921821E+01  6.162402E-01  3.961813E-01  1.252410E+01  3.961826E-01  1.665982E+00  1.931715E+14  7.376157E-01  2.170294E-11
  312 12.5138746  5.9290434 -1.5409773  2.4165884119E+33  1.4877031722E+11  1.9903729154E+34  3.4697212150E+08  6.5730782159E+01  6.162528E-01  3.961600E-01  1.339655E+01  3.961613E-01  1.666057E+00  1.890348E+14  7.418547E-01  1.624218E-11
  313 12.4894840  5.9193802 -1.5556217  2.4234634856E+33  1.4963894262E+11  1.9903764455E+34  3.4701361134E+08  6.8431215499E+01  6.162640E-01  3.961508E-01  1.437169E+01  3.961521E-01  1.666145E+00  1.848496E+14  7.461862E-01  1.195046E-11
  314 12.4641854  5.9093571 -1.5708197  2.4303385593E+33  1.5052744176E+11  1.9903798963E+34  3.4703857370E+08  7.1374011625E+01  6.162727E-01  3.961543E-01  1.546528E+01  3.961557E-01  1.666245E+00  1.806110E+14  7.506167E-01  8.628715E-12
  315 12.4378986  5.8989427 -1.5865955  2.4372136331E+33  1.5143726834E+11  1.9903832663E+34  3.4710112984E+08  7.4584742986E+01  6.162845E-01  3.961346E-01  1.669601E+01  3.961360E-01  1.666359E+00  1.763042E+14  7.551537E-01  6.101772E-12
  316 12.4105323  5.8881016 -1.6029927  2.4440887068E+33  1.5237001677E+11  1.9903865546E+34  3.4723694119E+08  7.8077242425E+01  6.163070E-01  3.960665E-01  1.808266E+01  3.960679E-01  1.666407E+00  1.719120E+14  7.598049E-01  4.216097E-12
  317 12.3819815  5.8767930 -1.6201134  2.4509637805E+33  1.5332751986E+11  1.9903897604E+34  3.4735444858E+08  8.1906750779E+01  6.163310E-01  3.960056E-01  1.965722E+01  3.960071E-01  1.666460E+00  1.674518E+14  7.645795E-01  2.838561E-12
  318 12.3521254  5.8649687 -1.6380342  2.4578388542E+33  1.5431190651E+11  1.9903928819E+34  3.4744647816E+08  8.6120699678E+01  6.163533E-01  3.959581E-01  2.145532E+01  3.959597E-01  1.666523E+00  1.629187E+14  7.694883E-01  1.856300E-12
  319 12.3208233  5.8525729 -1.6568328  2.4647139279E+33  1.5532560301E+11  1.9903959173E+34  3.4752023270E+08  9.0776316833E+01  6.163672E-01  3.959222E-01  2.352171E+01  3.959239E-01  1.666593E+00  1.583017E+14  7.745431E-01  1.174836E-12
  320 12.2879101  5.8395403 -1.6765741  2.4715890017E+33  1.5637134946E+11  1.9903988642E+34  3.4764610584E+08  9.5954145485E+01  6.163845E-01  3.958616E-01  2.591600E+01  3.958634E-01  1.666662E+00  1.535790E+14  7.797578E-01  7.162888E-13
  321 12.2531907  5.8257950 -1.6973649  2.4784640754E+33  1.5745227056E+11  1.9904017212E+34  3.4786408282E+08  1.0172349726E+02  6.164133E-01  3.957550E-01  2.870658E+01  3.957569E-01  1.666679E+00  1.487331E+14  7.851479E-01  4.175297E-13
  322 12.2164315  5.8112455 -1.7194031  2.4853391491E+33  1.5857209109E+11  1.9904044869E+34  3.4805980633E+08  1.0816689197E+02  6.164515E-01  3.956590E-01  3.198093E+01  3.956610E-01  1.666697E+00  1.437776E+14  7.907320E-01  2.317528E-13
  323 12.1773502  5.7957796 -1.7428627  2.4922142228E+33  1.5973529809E+11  1.9904071587E+34  3.4822240965E+08  1.1537197084E+02  6.164857E-01  3.955784E-01  3.584927E+01  3.955805E-01  1.666737E+00  1.387012E+14  7.965324E-01  1.210829E-13
  324 12.1356008  5.7792598 -1.7679527  2.4990892965E+33  1.6094726144E+11  1.9904097334E+34  3.4834423198E+08  1.2344763923E+02  6.165129E-01  3.955179E-01  4.045725E+01  3.955202E-01  1.666802E+00  1.334865E+14  8.025760E-01  5.906081E-14
  325 12.1021573  5.7661331 -1.7881028  2.5042456018E+33  1.6188656230E+11  1.9904116091E+34  3.4855015371E+08  1.3021696967E+02  6.165464E-01  3.954150E-01  4.449896E+01  3.954175E-01  1.666847E+00  1.294661E+14  8.072599E-01  3.266216E-14
  326 12.0788594  5.7569205 -1.8020756  2.5076831387E+33  1.6253519708E+11  1.9904128224E+34  3.4869083284E+08  1.3521610772E+02  6.165668E-01  3.953487E-01  4.760669E+01  3.953512E-01  1.666867E+00  1.267173E+14  8.104943E-01  2.134529E-14
  327 12.0546121  5.7473337 -1.8166339  2.5111206755E+33  1.6320010168E+11  1.9904140097E+34  3.4881171622E+08  1.4064537235E+02  6.165837E-01  3.952943E-01  5.108225E+01  3.952969E-01  1.666885E+00  1.239230E+14  8.138099E-01  1.357744E-14
  328 12.0293280  5.7373385 -1.8318049  2.5145582124E+33  1.6388250679E+11  1.9904151704E+34  3.4895680520E+08  1.4659323186E+02  6.165960E-01  3.952254E-01  5.499985E+01  3.952282E-01  1.666908E+00  1.210722E+14  8.172128E-01  8.380212E-15
  329 12.0029066  5.7268957 -1.8476319  2.5179957492E+33  1.6458376596E+11  1.9904163040E+34  3.4916290585E+08  1.5313063292E+02  6.166112E-01  3.951231E-01  5.943827E+01  3.951259E-01  1.666928E+00  1.181558E+14  8.207097E-01  5.001199E-15
  330 11.9752319  5.7159602 -1.8642252  2.5214332861E+33  1.6530543656E+11  1.9904174102E+34  3.4935668401E+08  1.6035458217E+02  6.166377E-01  3.950246E-01  6.450012E+01  3.950275E-01  1.666962E+00  1.151815E+14  8.243083E-01  2.873595E-15
  331 11.9461692  5.7044787 -1.8816753  2.5248708230E+33  1.6604933954E+11  1.9904184880E+34  3.4952104216E+08  1.6840546354E+02  6.166746E-01  3.949388E-01  7.032461E+01  3.949419E-01  1.667005E+00  1.121454E+14  8.280179E-01  1.581907E-15
  332 11.9155604  5.6923894 -1.9000249  2.5283083598E+33  1.6681752834E+11  1.9904195367E+34  3.4975989727E+08  1.7741914754E+02  6.167236E-01  3.948053E-01  7.707425E+01  3.948086E-01  1.667034E+00  1.090259E+14  8.318485E-01  8.297099E-16
  333 11.8832186  5.6796200 -1.9194026  2.5317458967E+33  1.6761235150E+11  1.9904205556E+34  3.5005913035E+08  1.8758442230E+02  6.167635E-01  3.946460E-01  8.496725E+01  3.946494E-01  1.667015E+00  1.058183E+14  8.358120E-01  4.116499E-16
  334 11.8489202  5.6660827 -1.9399851  2.5351834335E+33  1.6843661398E+11  1.9904215440E+34  3.5033122699E+08  1.9923117703E+02  6.167958E-01  3.945098E-01  9.433526E+01  3.945134E-01  1.667002E+00  1.025277E+14  8.399222E-01  1.909188E-16
  335 11.8123951  5.6516708 -1.9619145  2.5386209704E+33  1.6929364886E+11  1.9904225009E+34  3.5060268455E+08  2.1279074405E+02  6.168320E-01  3.943725E-01  1.056340E+02  3.943764E-01  1.666996E+00  9.913893E+13  8.441959E-01  8.220483E-17
  336 11.7733124  5.6362568 -1.9853000  2.5420585073E+33  1.7018732207E+11  1.9904234258E+34  3.5107568340E+08  2.2903111823E+02  6.169099E-01  3.941083E-01  1.196000E+02  3.941124E-01  1.666911E+00  9.561474E+13  8.486522E-01  3.230577E-17
  337 11.7312605  5.6196811 -2.0105182  2.5454960441E+33  1.7112236828E+11  1.9904243174E+34  3.5151124582E+08  2.4862367696E+02  6.169731E-01  3.938689E-01  1.371019E+02  3.938733E-01  1.666830E+00  9.197504E+13  8.533149E-01  1.141894E-17
  338 11.6973688  5.6064352 -2.0309940  2.5480741968E+33  1.7184960076E+11  1.9904249668E+34  3.5179896590E+08  2.6598910608E+02  6.170060E-01  3.937137E-01  1.531147E+02  3.937183E-01  1.666781E+00  8.917462E+13  8.569413E-01  4.814914E-18
  339 11.6736080  5.5970808 -2.0452352  2.5497929652E+33  1.7235378831E+11  1.9904253863E+34  3.5209241704E+08  2.7937362493E+02  6.170527E-01  3.935463E-01  1.658452E+02  3.935511E-01  1.666741E+00  8.723913E+13  8.594555E-01  2.579454E-18
  340 11.6487594  5.5873027 -2.0601050  2.5515117336E+33  1.7287208113E+11  1.9904257967E+34  3.5246682511E+08  2.9439420571E+02  6.171207E-01  3.933284E-01  1.804754E+02  3.933334E-01  1.666593E+00  8.524990E+13  8.620400E-01  1.262241E-18
  341 11.6227127  5.5770586 -2.0757111  2.5532305021E+33  1.7340563170E+11  1.9904261977E+34  3.5283627970E+08  3.1133384302E+02  6.171916E-01  3.931133E-01  1.974024E+02  3.931185E-01  1.666457E+00  8.321813E+13  8.647006E-01  6.166842E-19
  342 11.5953399  5.5662984 -2.0921428  2.5549492705E+33  1.7395578820E+11  1.9904265891E+34  3.5318262485E+08  3.3056604048E+02  6.172560E-01  3.929116E-01  2.171501E+02  3.929171E-01  1.666326E+00  8.114145E+13  8.674440E-01  2.852475E-19
  343 11.5664909  5.5549633 -2.1094832  2.5566680389E+33  1.7452410018E+11  1.9904269706E+34  3.5351418781E+08  3.5257694824E+02  6.173114E-01  3.927190E-01  2.404115E+02  3.927248E-01  1.666199E+00  7.901345E+13  8.702779E-01  1.239969E-19
  344 11.5391004  5.5442289 -2.1259961  2.5582149305E+33  1.7505163516E+11  1.9904273058E+34  3.5378858438E+08  3.7521801869E+02  6.173510E-01  3.925601E-01  2.650143E+02  3.925662E-01  1.666085E+00  7.705373E+13  8.729085E-01  5.520159E-20
  345 11.5135211  5.5341895 -2.1412724  2.5595899452E+33  1.7553608286E+11  1.9904275963E+34  3.5432422856E+08  3.9824007775E+02  6.174506E-01  3.922431E-01  2.907203E+02  3.922494E-01  1.665902E+00  7.523900E+13  8.753243E-01  2.543607E-20
  346 11.4866380  5.5236467 -2.1573605  2.5609649600E+33  1.7603554273E+11  1.9904278800E+34  3.5485153763E+08  4.2444942139E+02  6.175503E-01  3.919327E-01  3.207832E+02  3.919392E-01  1.665658E+00  7.338114E+13  8.778148E-01  1.105601E-20
  347 11.4583043  5.5125432 -2.1743549  2.5623399747E+33  1.7655141684E+11  1.9904281568E+34  3.5536125910E+08  4.5453490839E+02  6.176463E-01  3.916344E-01  3.562869E+02  3.916413E-01  1.665419E+00  7.147971E+13  8.803873E-01  4.497420E-21
  348 11.4283466  5.5008118 -2.1923583  2.5637149895E+33  1.7708532724E+11  1.9904284264E+34  3.5585338232E+08  4.8939563627E+02  6.177390E-01  3.913472E-01  3.986831E+02  3.913545E-01  1.665177E+00  6.952887E+13  8.830497E-01  1.696270E-21
  349 11.3965580  5.4883718 -2.2115049  2.5650900042E+33  1.7763916876E+11  1.9904286885E+34  3.5631287031E+08  5.3025212867E+02  6.178203E-01  3.910788E-01  4.499756E+02  3.910865E-01  1.664924E+00  6.752386E+13  8.858115E-01  5.847094E-22
  350 11.3626896  5.4751266 -2.2319048  2.5664650190E+33  1.7821514958E+11  1.9904289428E+34  3.5679744058E+08  5.7867259893E+02  6.179014E-01  3.907911E-01  5.128838E+02  3.907992E-01  1.664656E+00  6.545142E+13  8.886836E-01  1.817386E-22
  351 11.3264371  5.4609619 -2.2536217  2.5678400337E+33  1.7881578642E+11  1.9904291892E+34  3.5756078289E+08  6.3688237240E+02  6.180414E-01  3.903288E-01  5.913150E+02  3.903374E-01  1.664269E+00  6.328232E+13  8.916787E-01  5.020328E-23
  352 11.2874236  5.4457356 -2.2770685  2.5692150484E+33  1.7944417336E+11  1.9904294275E+34  3.5832857009E+08  7.0774099039E+02  6.181797E-01  3.898586E-01  6.907061E+02  3.898678E-01  1.663823E+00  6.103785E+13  8.948122E-01  1.196202E-23
  353 11.2451743  5.4292700 -2.3024368  2.5705900632E+33  1.8010416522E+11  1.9904296570E+34  3.5947018003E+08  7.9559266501E+02  6.183855E-01  3.891470E-01  8.193895E+02  3.891569E-01  1.663143E+00  5.868684E+13  8.981034E-01  2.403575E-24
  354 11.2109362  5.4160553 -2.3231246  2.5716213242E+33  1.8061904121E+11  1.9904298242E+34  3.6044076029E+08  8.7568945140E+02  6.185695E-01  3.885440E-01  9.410148E+02  3.885545E-01  1.662433E+00  5.685973E+13  9.006708E-01  6.312509E-25
  355 11.1867921  5.4066768 -2.3376774  2.5723088316E+33  1.8097724350E+11  1.9904299322E+34  3.6104980081E+08  9.3875106604E+02  6.186845E-01  3.881683E-01  1.040041E+03  3.881792E-01  1.661991E+00  5.560297E+13  9.024570E-01  2.388622E-25
  356 11.1614301  5.3968345 -2.3529842  2.5729963390E+33  1.8134649130E+11  1.9904300377E+34  3.6165031586E+08  1.0110865178E+03  6.187895E-01  3.877967E-01  1.156590E+03  3.878080E-01  1.661572E+00  5.431670E+13  9.042983E-01  8.419348E-26
  357 11.1347162  5.3864797 -2.3690425  2.5736838464E+33  1.8172774037E+11  1.9904301409E+34  3.6252267535E+08  1.0949318016E+03  6.189347E-01  3.872468E-01  1.295292E+03  3.872586E-01  1.660953E+00  5.298050E+13  9.061994E-01  2.739722E-26
  358 11.1064930  5.3755548 -2.3860632  2.5743713537E+33  1.8212210907E+11  1.9904302415E+34  3.6337550016E+08  1.1924993280E+03  6.190810E-01  3.867113E-01  1.461501E+03  3.867238E-01  1.660258E+00  5.160977E+13  9.081660E-01  8.141687E-27
  359 11.0765735  5.3639917 -2.4040519  2.5750588611E+33  1.8253089888E+11  1.9904303396E+34  3.6449179353E+08  1.3073355145E+03  6.192808E-01  3.859895E-01  1.663202E+03  3.860026E-01  1.659422E+00  5.018596E+13  9.102044E-01  2.183762E-27
  360 11.0447336  5.3517088 -2.4232608  2.5757463685E+33  1.8295564234E+11  1.9904304351E+34  3.6559693886E+08  1.4439112706E+03  6.194797E-01  3.852719E-01  1.911059E+03  3.852857E-01  1.658517E+00  4.872079E+13  9.123225E-01  5.218052E-28
  361 11.0107011  5.3386080 -2.4437470  2.5764338759E+33  1.8339815725E+11  1.9904305278E+34  3.6704822685E+08  1.6081264263E+03  6.197491E-01  3.843171E-01  2.219775E+03  3.843316E-01  1.657276E+00  4.718924E+13  9.145291E-01  1.095329E-28
  362 10.9741413  5.3245692 -2.4658258  2.5771213832E+33  1.8386062779E+11  1.9904306176E+34  3.6857979261E+08  1.8080115618E+03  6.200145E-01  3.833140E-01  2.610175E+03  3.833294E-01  1.655902E+00  4.560387E+13  9.168352E-01  2.020025E-29
  363 10.9346361  5.3094433 -2.4896734  2.5778088906E+33  1.8434572534E+11  1.9904307044E+34  3.7054577150E+08  2.0553460758E+03  6.203626E-01  3.820333E-01  3.113407E+03  3.820497E-01  1.654052E+00  4.393985E+13  9.192542E-01  3.476888E-30
  364 10.8916534  5.2930444 -2.5156665  2.5784963980E+33  1.8485673513E+11  1.9904307880E+34  3.7283000528E+08  2.3674560772E+03  6.207750E-01  3.805200E-01  3.776852E+03  3.805376E-01  1.651918E+00  4.219961E+13  9.218024E-01  6.628583E-31
  365 10.8566729  5.2798541 -2.5369687  2.5790120285E+33  1.8525640107E+11  1.9904308488E+34  3.7481351312E+08  2.6558731271E+03  6.211296E-01  3.791895E-01  4.413154E+03  3.792081E-01  1.649794E+00  4.083864E+13  9.237954E-01  2.351560E-31
  366 10.8319017  5.2704710 -2.5520052  2.5793557822E+33  1.8553525644E+11  1.9904308880E+34  3.7628702608E+08  2.8843141210E+03  6.213834E-01  3.782043E-01  4.935007E+03  3.782236E-01  1.648352E+00  3.989854E+13  9.251859E-01  1.279497E-31
  367 10.8057931  5.2606100 -2.5678174  2.5796995359E+33  1.8582331606E+11  1.9904309264E+34  3.7814141883E+08  3.1467678972E+03  6.217235E-01  3.769661E-01  5.551203E+03  3.769863E-01  1.646398E+00  3.891753E+13  9.266223E-01  7.197264E-32
  368 10.7781905  5.2502190 -2.5846036  2.5800432896E+33  1.8612145559E+11  1.9904309639E+34  3.8004165334E+08  3.4496491272E+03  6.220546E-01  3.757029E-01  6.283489E+03  3.757240E-01  1.644283E+00  3.791147E+13  9.281090E-01  4.055863E-32
  369 10.7489080  5.2392347 -2.6024400  2.5803870432E+33  1.8643071486E+11  1.9904310004E+34  3.8217343017E+08  3.8036013940E+03  6.224283E-01  3.742759E-01  7.165029E+03  3.742980E-01  1.642118E+00  3.687672E+13  9.296512E-01  2.240334E-32
  370 10.7177228  5.2275862 -2.6213956  2.5807307969E+33  1.8675227311E+11  1.9904310359E+34  3.8479789779E+08  4.2178904684E+03  6.229266E-01  3.724986E-01  8.231318E+03  3.725218E-01  1.639045E+00  3.578569E+13  9.312547E-01  1.196421E-32
  371 10.6843640  5.2151854 -2.6418125  2.5810745506E+33  1.8708757276E+11  1.9904310704E+34  3.8754615203E+08  4.7042726632E+03  6.233891E-01  3.706567E-01  9.529121E+03  3.706812E-01  1.635812E+00  3.466649E+13  9.329267E-01  6.113271E-33
  372 10.6484983  5.2019252 -2.6637235  2.5814183043E+33  1.8743834122E+11  1.9904311039E+34  3.9086778859E+08  5.2795247677E+03  6.240263E-01  3.684188E-01  1.112429E+04  3.684445E-01  1.632099E+00  3.349411E+13  9.346758E-01  2.963678E-33
  373 10.6097090  5.1876765 -2.6875006  2.5817620580E+33  1.8780665701E+11  1.9904311363E+34  3.9470268904E+08  5.9625696678E+03  6.247574E-01  3.658430E-01  1.309963E+04  3.658704E-01  1.627399E+00  3.226293E+13  9.365124E-01  1.350191E-33
  374 10.5674656  5.1722718 -2.7135598  2.5821058117E+33  1.8819518083E+11  1.9904311675E+34  3.9897973050E+08  6.7748578125E+03  6.255140E-01  3.629979E-01  1.556120E+04  3.630271E-01  1.622350E+00  3.098632E+13  9.384498E-01  5.713267E-34
  375 10.5330695  5.1599140 -2.7348973  2.5823636269E+33  1.8849940142E+11  1.9904311902E+34  4.0276329821E+08  7.4773257851E+03  6.262225E-01  3.605011E-01  1.777793E+04  3.605319E-01  1.617681E+00  2.998195E+13  9.399668E-01  2.842728E-34
  376 10.5086882  5.1511442 -2.7500052  2.5825355038E+33  1.8871192490E+11  1.9904312049E+34  4.0552033035E+08  8.0037146124E+03  6.267494E-01  3.586813E-01  1.950273E+04  3.587132E-01  1.614278E+00  2.928679E+13  9.410266E-01  1.725711E-34
  377 10.4829762  5.1419443 -2.7659114  2.5827073806E+33  1.8893167321E+11  1.9904312193E+34  4.0846349556E+08  8.5734495144E+03  6.274120E-01  3.567070E-01  2.142979E+04  3.567402E-01  1.610526E+00  2.856639E+13  9.421224E-01  1.018606E-34
  378 10.4557770  5.1322683 -2.7828525  2.5828792575E+33  1.8915935567E+11  1.9904312333E+34  4.1174027370E+08  9.1913893388E+03  6.280601E-01  3.545477E-01  2.358955E+04  3.545823E-01  1.606406E+00  2.782817E+13  9.432578E-01  5.825041E-35
  379 10.4269048  5.1220594 -2.8008132  2.5830511343E+33  1.8939579740E+11  1.9904312471E+34  4.1501081852E+08  9.8634353063E+03  6.288442E-01  3.523616E-01  2.601964E+04  3.523977E-01  1.602041E+00  2.706398E+13  9.444368E-01  3.215599E-35
  380 10.3961363  5.1112508 -2.8200582  2.5832230111E+33  1.8964196613E+11  1.9904312604E+34  4.1871853803E+08  1.0590699132E+04  6.296604E-01  3.499136E-01  2.874977E+04  3.499514E-01  1.597265E+00  2.627673E+13  9.456643E-01  1.704966E-35
  381 10.3632004  5.0997615 -2.8406953  2.5833948880E+33  1.8989902705E+11  1.9904312734E+34  4.2243194623E+08  1.1375232602E+04  6.306035E-01  3.474281E-01  3.181725E+04  3.474678E-01  1.592028E+00  2.545930E+13  9.469462E-01  8.634202E-36
  382 10.3277631  5.0874893 -2.8629665  2.5835667648E+33  1.9016836950E+11  1.9904312861E+34  4.2633839956E+08  1.2197087477E+04  6.316762E-01  3.448026E-01  3.520310E+04  3.448446E-01  1.586819E+00  2.461825E+13  9.482893E-01  4.145675E-36
  383 10.2894064  5.0743095 -2.8872035  2.5837386417E+33  1.9045171796E+11  1.9904312984E+34  4.3055157937E+08  1.3073750387E+04  6.328230E-01  3.419798E-01  3.899946E+04  3.420242E-01  1.580689E+00  2.373867E+13  9.497022E-01  1.870095E-36
  384 10.2475974  5.0600605 -2.9136922  2.5839105185E+33  1.9075120969E+11  1.9904313103E+34  4.3467445558E+08  1.4009697874E+04  6.341507E-01  3.391285E-01  4.327584E+04  3.391759E-01  1.574864E+00  2.283141E+13  9.511957E-01  7.834485E-37
  385 10.2016425  5.0445195 -2.9428855  2.5840823954E+33  1.9106952620E+11  1.9904313217E+34  4.3803873425E+08  1.5003139688E+04  6.356793E-01  3.365940E-01  4.810375E+04  3.366451E-01  1.569076E+00  2.188628E+13  9.527830E-01  2.999581E-37
  386 10.1638736  5.0319407 -2.9670776  2.5842113030E+33  1.9132036361E+11  1.9904313299E+34  4.3995469720E+08  1.5769501728E+04  6.369572E-01  3.349695E-01  5.204028E+04  3.350238E-01  1.564858E+00  2.115564E+13  9.540338E-01  1.366153E-37
  387 10.1368845  5.0229125 -2.9843303  2.5842972414E+33  1.9149690087E+11  1.9904313352E+34  4.4140055910E+08  1.6316054617E+04  6.378788E-01  3.337517E-01  5.498521E+04  3.338084E-01  1.562292E+00  2.065270E+13  9.549141E-01  7.736119E-38
  388 10.1082170  5.0133498 -3.0026587  2.5843831798E+33  1.9168047879E+11  1.9904313404E+34  4.4184175349E+08  1.6890494959E+04  6.388874E-01  3.330494E-01  5.818913E+04  3.331089E-01  1.559826E+00  2.013500E+13  9.558295E-01  4.217760E-38
  389 10.0776457  5.0031741 -3.0222422  2.5844691183E+33  1.9187187774E+11  1.9904313454E+34  4.4231064000E+08  1.7499354534E+04  6.399771E-01  3.322776E-01  6.170763E+04  3.323403E-01  1.558086E+00  1.961008E+13  9.567840E-01  2.201069E-38
  390 10.0448963  4.9922928 -3.0432463  2.5845550567E+33  1.9207203094E+11  1.9904313503E+34  4.4214221415E+08  1.8156513242E+04  6.411104E-01  3.318082E-01  6.563125E+04  3.318746E-01  1.556148E+00  1.906310E+13  9.577820E-01  1.091939E-38
  391 10.0096306  4.9805827 -3.0658664  2.5846409951E+33  1.9228205357E+11  1.9904313551E+34  4.4112022058E+08  1.8875741066E+04  6.422885E-01  3.317909E-01  7.007164E+04  3.318616E-01  1.555342E+00  1.850644E+13  9.588293E-01  5.103138E-39
  392  9.9714242  4.9678870 -3.0903692  2.5847269335E+33  1.9250330054E+11  1.9904313597E+34  4.3928388648E+08  1.9675028199E+04  6.436235E-01  3.322058E-01  7.518232E+04  3.322816E-01  1.555453E+00  1.793289E+13  9.599326E-01  2.220624E-39
  393  9.9297358  4.9540033 -3.1170878  2.5848128719E+33  1.9273744896E+11  1.9904313642E+34  4.3650212145E+08  2.0585947014E+04  6.449973E-01  3.331573E-01  8.120876E+04  3.332392E-01  1.556760E+00  1.733985E+13  9.611002E-01  8.861615E-40
  394  9.8838582  4.9386619 -3.1464442  2.5848988104E+33  1.9298660971E+11  1.9904313685E+34  4.3268153495E+08  2.1662131655E+04  6.464960E-01  3.347893E-01  8.855376E+04  3.348785E-01  1.559452E+00  1.672146E+13  9.623427E-01  3.177493E-40
  395  9.8461153  4.9261154 -3.1707136  2.5849632642E+33  1.9318311059E+11  1.9904313716E+34  4.2924581705E+08  2.2597253585E+04  6.476898E-01  3.364271E-01  9.505908E+04  3.365230E-01  1.562666E+00  1.624407E+13  9.633225E-01  1.360767E-40
  396  9.8191134  4.9170076 -3.1879335  2.5850062334E+33  1.9332149943E+11  1.9904313736E+34  4.2666103237E+08  2.3337178916E+04  6.485151E-01  3.377364E-01  1.003248E+05  3.378374E-01  1.565388E+00  1.590995E+13  9.640126E-01  7.323397E-41
  397  9.8049762  4.9122828 -3.1970070  2.5850277180E+33  1.9339201592E+11  1.9904313746E+34  4.2543302409E+08  2.3733493986E+04  6.489208E-01  3.384173E-01  1.031526E+05  3.385211E-01  1.566861E+00  1.574032E+13  9.643642E-01  5.299910E-41
