#MESH      LOG P      LOG T    LOG RHO             MASSA            RAGGIO        LUMINOSITA                CP           OPACITA          PMOL     GR.ADIAB.   GR.RADIADT.     GR.SUPAD.         Gam.1          Cs^2        R/Rtot        EPSnuc
    1 18.0775427  7.3249357  2.9401102  2.7500294872E+26  2.9286833722E+07  1.6521554564E+25  1.4637206547E+08  9.9003381860E-01  1.338552E+00  3.950263E-01  1.405902E-03  0.000000E+00  1.666953E+00  2.287472E+15  2.177799E-04  1.041267E-02
    2 18.0773063  7.3249353  2.9398854  9.6251032053E+26  6.6977471694E+07  5.8241708839E+25  1.4637785654E+08  9.8984063111E-01  1.338552E+00  3.950269E-01  1.414981E-03  0.000000E+00  1.666952E+00  2.287409E+15  4.980514E-04  1.040709E-02
    3 18.0772138  7.3249352  2.9397973  2.0625221154E+27  8.4237678594E+07  1.2588232818E+26  1.4638019855E+08  9.9022450779E-01  1.338552E+00  3.950271E-01  1.427461E-03  0.000000E+00  1.666951E+00  2.287385E+15  6.264000E-04  1.244631E-02
    4 18.0770679  7.3249350  2.9396587  4.1250442309E+27  1.0458815144E+08  2.5237153815E+26  1.4638374404E+08  9.8998177896E-01  1.338552E+00  3.950274E-01  1.430074E-03  0.000000E+00  1.666950E+00  2.287346E+15  7.777283E-04  1.170121E-02
    5 18.0768996  7.3249347  2.9394987  6.8750737181E+27  1.2423176786E+08  4.2013067086E+26  1.4638784701E+08  9.8969808784E-01  1.338552E+00  3.950278E-01  1.427453E-03  0.000000E+00  1.666949E+00  2.287301E+15  9.238002E-04  1.123524E-02
    6 18.0766886  7.3249344  2.9392981  1.1000117949E+28  1.4444367476E+08  6.7101776805E+26  1.4639301476E+08  9.8949880596E-01  1.338552E+00  3.950283E-01  1.423949E-03  0.000000E+00  1.666948E+00  2.287245E+15  1.074098E-03  1.121994E-02
    7 18.0762728  7.3249339  2.9389027  2.0625221154E+28  1.7667995102E+08  1.2549496014E+27  1.4640319483E+08  9.8910709570E-01  1.338552E+00  3.950293E-01  1.418404E-03  0.000000E+00  1.666946E+00  2.287134E+15  1.313810E-03  1.105842E-02
    8 18.0755417  7.3249328  2.9382077  4.1250442309E+28  2.2236630000E+08  2.5038107654E+27  1.4642109829E+08  9.8843344947E-01  1.338552E+00  3.950310E-01  1.411634E-03  0.000000E+00  1.666942E+00  2.286938E+15  1.653539E-03  1.088688E-02
    9 18.0747240  7.3249317  2.9374302  6.8750737181E+28  2.6577051749E+08  4.1694708538E+27  1.4644113238E+08  9.8769845386E-01  1.338552E+00  3.950329E-01  1.406749E-03  0.000000E+00  1.666938E+00  2.286720E+15  1.976297E-03  1.088434E-02
   10 18.0737189  7.3249303  2.9364747  1.1000117949E+29  3.1001823310E+08  6.6764438768E+27  1.4646577126E+08  9.8687565625E-01  1.338552E+00  3.950353E-01  1.403459E-03  0.000000E+00  1.666932E+00  2.286452E+15  2.305327E-03  1.112942E-02
   11 18.0717581  7.3249275  2.9346104  2.0625221154E+29  3.8033981951E+08  1.2557847382E+28  1.4651384347E+08  9.8526602164E-01  1.338552E+00  3.950399E-01  1.399296E-03  0.000000E+00  1.666921E+00  2.285930E+15  2.828246E-03  1.136109E-02
   12 18.0683295  7.3249227  2.9313506  4.1250442309E+29  4.7994298490E+08  2.5280873979E+28  1.4659794763E+08  9.8246093282E-01  1.338552E+00  3.950480E-01  1.393506E-03  0.000000E+00  1.666903E+00  2.285016E+15  3.568905E-03  1.188372E-02
   13 18.0644982  7.3249174  2.9277077  6.8750737181E+29  5.7470904444E+08  4.2456712885E+28  1.4669201341E+08  9.7934404883E-01  1.338552E+00  3.950570E-01  1.387473E-03  0.000000E+00  1.666882E+00  2.283996E+15  4.273596E-03  1.293678E-02
   14 18.0597957  7.3249109  2.9232366  1.1000117949E+30  6.7171634762E+08  6.8868238169E+28  1.4680755583E+08  9.7558240547E-01  1.338551E+00  3.950681E-01  1.386211E-03  0.000000E+00  1.666856E+00  2.282744E+15  4.994952E-03  1.413804E-02
   15 18.0506199  7.3248981  2.9145124  2.0625221154E+30  8.2699338620E+08  1.3340188487E+29  1.4703327145E+08  9.6829079975E-01  1.338551E+00  3.950898E-01  1.391837E-03  0.000000E+00  1.666806E+00  2.280303E+15  6.149608E-03  1.607204E-02
   16 18.0345106  7.3248753  2.8991195  4.1250442309E+30  1.0496693250E+09  2.8515428451E+29  1.4739603014E+08  9.5561621493E-01  1.338549E+00  3.951221E-01  1.414932E-03  0.000000E+00  1.666720E+00  2.276427E+15  7.805449E-03  2.107738E-02
   17 18.0087317  7.3248372  2.8744846  8.2500884617E+30  1.3381217995E+09  6.5537720108E+29  1.4797714532E+08  9.3586881595E-01  1.338545E+00  3.951737E-01  1.501143E-03  0.000000E+00  1.666582E+00  2.270250E+15  9.950411E-03  3.219865E-02
   18 17.9801337  7.3247931  2.8470646  1.3578270593E+31  1.6133850387E+09  1.2645511343E+30  1.4858522874E+08  9.1460645341E-01  1.338535E+00  3.952239E-01  1.610939E-03  0.000000E+00  1.666437E+00  2.263903E+15  1.199730E-02  6.034125E-02
   19 17.9493798  7.3247366  2.8175386  2.0453344311E+31  1.8737267779E+09  2.5612394244E+30  1.4922265947E+08  8.9257991949E-01  1.338519E+00  3.952744E-01  1.970416E-03  0.000000E+00  1.666285E+00  2.257306E+15  1.393323E-02  1.038542E-01
   20 17.9027282  7.3246151  2.7725859  3.2312846475E+31  2.2268657117E+09  7.0289051556E+30  1.5011266387E+08  8.6069221076E-01  1.338469E+00  3.953403E-01  2.967698E-03  0.000000E+00  1.666054E+00  2.248181E+15  1.655920E-02  2.197370E-01
   21 17.8524680  7.3244431  2.7239818  4.6062993911E+31  2.5722723225E+09  1.6204519436E+31  1.5100916204E+08  8.2829668986E-01  1.338311E+00  3.954029E-01  4.120567E-03  0.000000E+00  1.665782E+00  2.239259E+15  1.912768E-02  5.458710E-01
   22 17.8135436  7.3242590  2.6861996  5.7750619232E+31  2.8257139644E+09  3.0523931694E+31  1.5167402255E+08  8.0459746079E-01  1.338019E+00  3.954382E-01  5.507592E-03  0.000000E+00  1.665557E+00  2.233076E+15  2.101230E-02  1.083284E+00
   23 17.7794382  7.3240420  2.6530162  6.8578860338E+31  3.0406263088E+09  5.3232978802E+31  1.5225689608E+08  7.8486796308E-01  1.337572E+00  3.954585E-01  7.308846E-03  0.000000E+00  1.665356E+00  2.228071E+15  2.261041E-02  1.811731E+00
   24 17.7476740  7.3237731  2.6219876  7.9063347758E+31  3.2362222387E+09  8.9668376699E+31  1.5284843483E+08  7.6743257792E-01  1.336716E+00  3.954713E-01  9.729204E-03  0.000000E+00  1.665168E+00  2.224049E+15  2.406488E-02  3.102175E+00
   25 17.7174205  7.3234292  2.5922434  8.9375958335E+31  3.4196409684E+09  1.4860630048E+32  1.5347442396E+08  7.5167320516E-01  1.335284E+00  3.954725E-01  1.307196E-02  0.000000E+00  1.664986E+00  2.221200E+15  2.542880E-02  5.050896E+00
   26 17.6879586  7.3229779  2.5629634  9.9688568912E+31  3.5963739969E+09  2.4309936232E+32  1.5425772612E+08  7.3726360261E-01  1.332675E+00  3.954726E-01  1.764410E-02  0.000000E+00  1.664809E+00  2.220034E+15  2.674301E-02  8.289007E+00
   27 17.6658451  7.3225617  2.5403089  1.0750896527E+32  3.7273177856E+09  3.4110865767E+32  1.5517409912E+08  7.2724542370E-01  1.328504E+00  3.954731E-01  2.160323E-02  0.000000E+00  1.664674E+00  2.222622E+15  2.771672E-02  1.316698E+01
   28 17.6511451  7.3222177  2.5252854  1.1283714740E+32  3.8149111212E+09  4.3487403148E+32  1.5579444221E+08  7.2063671022E-01  1.325651E+00  3.954745E-01  2.521700E-02  0.000000E+00  1.664588E+00  2.224162E+15  2.836807E-02  1.605412E+01
   29 17.6363703  7.3218121  2.5089722  1.1825126795E+32  3.9030263390E+09  5.5635363141E+32  1.5698437754E+08  7.1498075149E-01  1.319017E+00  3.954823E-01  2.963145E-02  0.000000E+00  1.664498E+00  2.231934E+15  2.902331E-02  2.297676E+01
   30 17.6215105  7.3213340  2.4938792  1.2375132693E+32  3.9918015107E+09  7.0893651691E+32  1.5758974712E+08  7.0921414273E-01  1.316165E+00  3.954819E-01  3.473770E-02  0.000000E+00  1.664418E+00  2.233025E+15  2.968345E-02  2.489528E+01
   31 17.6068016  7.3207795  2.4763644  1.2925138590E+32  4.0800376805E+09  8.9836657228E+32  1.5943705789E+08  7.0452014080E-01  1.305305E+00  3.954926E-01  4.068057E-02  0.000000E+00  1.664322E+00  2.247369E+15  3.033958E-02  3.466974E+01
   32 17.5958080  7.3203148  2.4637911  1.3337643013E+32  4.1461736721E+09  1.0765410224E+33  1.6058550766E+08  7.0095208335E-01  1.298680E+00  3.954940E-01  4.602355E-02  0.000000E+00  1.664252E+00  2.255464E+15  3.083137E-02  3.959261E+01
   33 17.5885681  7.3199597  2.4470896  1.3612645962E+32  4.1909149790E+09  1.2640209673E+33  1.6524905038E+08  6.9693281151E-01  1.269226E+00  3.955173E-01  5.194256E-02  0.000000E+00  1.664141E+00  2.304988E+15  3.116408E-02  6.477087E+01
   34 17.5822603  7.3196125  2.4271485  1.3853273542E+32  4.2305216216E+09  1.4693488486E+33  1.7166275590E+08  7.0041280337E-01  1.228549E+00  3.955423E-01  5.895605E-02  0.000000E+00  1.663999E+00  2.378291E+15  3.145859E-02  9.742859E+01
   35 17.5768892  7.3192806  2.4300399  1.4059525753E+32  4.2643429023E+09  1.6446435057E+33  1.6820205613E+08  7.0145910125E-01  1.251121E+00  3.955127E-01  6.451513E-02  0.000000E+00  1.664034E+00  2.333519E+15  3.171009E-02  7.749022E+01
   36 17.5715429  7.3189226  2.4218761  1.4265777965E+32  4.2979977124E+09  1.8147298398E+33  1.6972596722E+08  7.0031996331E-01  1.241746E+00  3.955086E-01  6.941560E-02  0.000000E+00  1.663981E+00  2.348633E+15  3.196035E-02  8.297331E+01
   37 17.5662209  7.3185404  2.4165084  1.4472030177E+32  4.3316151850E+09  1.9870712244E+33  1.7000902971E+08  6.9934863495E-01  1.240313E+00  3.954989E-01  7.417002E-02  0.000000E+00  1.663952E+00  2.348840E+15  3.221034E-02  8.191965E+01
   38 17.5583162  7.3179166  2.4078913  1.4781408494E+32  4.3819141967E+09  2.2467975283E+33  1.7074228738E+08  6.9812216210E-01  1.236179E+00  3.954856E-01  8.095077E-02  0.000000E+00  1.663905E+00  2.352629E+15  3.258436E-02  8.166926E+01
   39 17.5478148  7.3170214  2.3960558  1.5193912917E+32  4.4488290008E+09  2.5946913706E+33  1.7191845250E+08  6.9660963534E-01  1.229412E+00  3.954618E-01  8.931537E-02  0.000000E+00  1.663835E+00  2.359768E+15  3.308195E-02  8.174986E+01
   40 17.5391108  7.3162203  2.3858820  1.5537666603E+32  4.5044467618E+09  2.8848437140E+33  1.7308076102E+08  6.9892559589E-01  1.222634E+00  3.954294E-01  9.620302E-02  0.000000E+00  1.663763E+00  2.367666E+15  3.349553E-02  8.303036E+01
   41 17.5322121  7.3155396  2.3784723  1.5812669552E+32  4.5488457187E+09  3.1165730641E+33  1.7372700986E+08  6.9843328392E-01  1.219008E+00  3.954042E-01  1.010747E-01  0.000000E+00  1.663715E+00  2.370384E+15  3.382568E-02  8.197409E+01
   42 17.5253538  7.3148290  2.3698282  1.6087672500E+32  4.5933733770E+09  3.3564303661E+33  1.7494869958E+08  6.9820510111E-01  1.211718E+00  3.953785E-01  1.059734E-01  0.000000E+00  1.663655E+00  2.380065E+15  3.415680E-02  8.300223E+01
   43 17.5185412  7.3140789  2.3556647  1.6362675449E+32  4.6396790297E+09  3.6663783568E+33  1.7861586004E+08  6.9948435482E-01  1.188893E+00  3.953460E-01  1.130260E-01  0.000000E+00  1.663543E+00  2.420530E+15  3.450113E-02  9.301894E+01
   44 17.5117892  7.3132726  2.2894591  1.6637678398E+32  4.6893504319E+09  4.0776123877E+33  2.0321405546E+08  7.1134181547E-01  1.033266E+00  3.952370E-01  1.247044E-01  0.000000E+00  1.662953E+00  2.774662E+15  3.487049E-02  1.614532E+02
   45 17.5051119  7.3124050  2.2785069  1.6912681346E+32  4.7408376117E+09  4.5234487449E+33  2.0528204528E+08  7.1175606280E-01  1.020731E+00  3.951872E-01  1.351674E-01  0.000000E+00  1.662869E+00  2.801968E+15  3.525336E-02  1.585865E+02
   46 17.4985138  7.3114810  2.2680553  1.7187684295E+32  4.7924019806E+09  4.9580302193E+33  2.0717814579E+08  7.1198307996E-01  1.009229E+00  3.951443E-01  1.448581E-01  0.000000E+00  1.662795E+00  2.826814E+15  3.563679E-02  1.546160E+02
   47 17.4919942  7.3105052  2.2603151  1.7462687244E+32  4.8440731143E+09  5.3863221730E+33  2.0827871925E+08  7.1334043411E-01  1.003958E+00  3.951290E-01  1.542564E-01  0.000000E+00  1.662761E+00  2.834712E+15  3.602103E-02  1.492284E+02
   48 17.4855531  7.3094806  2.2454209  1.7737690193E+32  4.8959982185E+09  5.8149752000E+33  2.1398334130E+08  7.1576650576E-01  9.821200E-01  3.951537E-01  1.636230E-01  0.000000E+00  1.662721E+00  2.890357E+15  3.640715E-02  1.541046E+02
   49 17.4791902  7.3084113  2.2369921  1.8012693141E+32  4.9480093434E+09  6.2368815321E+33  2.1589932106E+08  7.1712154127E-01  9.749156E-01  3.951548E-01  1.723130E-01  0.000000E+00  1.662701E+00  2.904105E+15  3.679391E-02  1.496268E+02
   50 17.4729042  7.3073018  2.2292709  1.8287696090E+32  4.9998542583E+09  6.6441191184E+33  2.1745693263E+08  7.1891853716E-01  9.690847E-01  3.951552E-01  1.804873E-01  0.000000E+00  1.662686E+00  2.913691E+15  3.717943E-02  1.443656E+02
   51 17.4666932  7.3061552  2.2224732  1.8562699039E+32  5.0516286926E+09  7.0390763000E+33  2.1853615195E+08  7.2103741166E-01  9.650929E-01  3.951536E-01  1.882332E-01  0.000000E+00  1.662676E+00  2.917613E+15  3.756443E-02  1.383664E+02
   52 17.4605564  7.3049745  2.2103387  1.8837701988E+32  5.1034997073E+09  7.4252995947E+33  2.2270273917E+08  7.2502681516E-01  9.491417E-01  3.951800E-01  1.961056E-01  0.000000E+00  1.662660E+00  2.958158E+15  3.795015E-02  1.377460E+02
   53 17.4544929  7.3037640  2.2027325  1.9112704936E+32  5.1553524163E+09  7.7995142751E+33  2.2432547157E+08  7.2689506446E-01  9.430213E-01  3.951876E-01  2.029763E-01  0.000000E+00  1.662656E+00  2.968675E+15  3.833573E-02  1.324059E+02
   54 17.4485010  7.3025278  2.1956036  1.9387707885E+32  5.2070036043E+09  8.1578860828E+33  2.2571336873E+08  7.2909872661E-01  9.377809E-01  3.951987E-01  2.094203E-01  0.000000E+00  1.662656E+00  2.976458E+15  3.871981E-02  1.268364E+02
   55 17.4425790  7.3012681  2.1895250  1.9662710834E+32  5.2585693230E+09  8.5030042368E+33  2.2654301604E+08  7.3153967268E-01  9.346602E-01  3.952125E-01  2.155089E-01  0.000000E+00  1.662662E+00  2.977543E+15  3.910326E-02  1.208215E+02
   56 17.4367261  7.2999871  2.1773753  1.9937713782E+32  5.3102289233E+09  8.8381421467E+33  2.3075538773E+08  7.3563293115E-01  9.184544E-01  3.952507E-01  2.217767E-01  0.000000E+00  1.662655E+00  3.021015E+15  3.948741E-02  1.193582E+02
   57 17.4309413  7.2986884  2.1706565  2.0212716731E+32  5.3618530223E+09  9.1610868791E+33  2.3200960795E+08  7.3759936247E-01  9.137037E-01  3.952598E-01  2.270503E-01  0.000000E+00  1.662652E+00  3.027514E+15  3.987129E-02  1.141124E+02
   58 17.4252231  7.2973751  2.1638476  2.0487719680E+32  5.4132504736E+09  9.4693122160E+33  2.3335017734E+08  7.4002591741E-01  9.086167E-01  3.952697E-01  2.320523E-01  0.000000E+00  1.662651E+00  3.035124E+15  4.025349E-02  1.090286E+02
   59 17.4195699  7.2960488  2.1586150  2.0762722629E+32  5.4645531422E+09  9.7653437966E+33  2.3387697214E+08  7.4237902840E-01  9.066768E-01  3.952723E-01  2.366983E-01  0.000000E+00  1.662651E+00  3.032188E+15  4.063498E-02  1.036405E+02
   60 17.4139808  7.2947109  2.1462524  2.1037725577E+32  5.5159420829E+09  1.0052005690E+34  2.3824811442E+08  7.4648623346E-01  8.898584E-01  3.953096E-01  2.416599E-01  0.000000E+00  1.662646E+00  3.079840E+15  4.101711E-02  1.020699E+02
   61 17.4084548  7.2933640  2.1407946  2.1312728526E+32  5.5672669060E+09  1.0327689639E+34  2.3896134324E+08  7.4844900501E-01  8.871927E-01  3.953143E-01  2.456500E-01  0.000000E+00  1.662648E+00  3.079360E+15  4.139877E-02  9.736803E+01
   62 17.4029907  7.2920105  2.1340719  2.1587731475E+32  5.6183401763E+09  1.0590768656E+34  2.4037267095E+08  7.5113711901E-01  8.818234E-01  3.953257E-01  2.495628E-01  0.000000E+00  1.662650E+00  3.088300E+15  4.177856E-02  9.305072E+01
   63 17.3975867  7.2906514  2.1296906  2.1862734424E+32  5.6693166058E+09  1.0843583224E+34  2.4058146581E+08  7.5323663297E-01  8.810976E-01  3.953263E-01  2.530302E-01  0.000000E+00  1.662653E+00  3.081043E+15  4.215762E-02  8.860479E+01
   64 17.3922420  7.2892875  2.1169947  2.2137737372E+32  5.7203743871E+09  1.1088407002E+34  2.4513151980E+08  7.5732640992E-01  8.635675E-01  3.953663E-01  2.569818E-01  0.000000E+00  1.662650E+00  3.133633E+15  4.253729E-02  8.717877E+01
   65 17.3869559  7.2879208  2.1128546  2.2412740321E+32  5.7713429703E+09  1.1323955737E+34  2.4527283422E+08  7.5919773067E-01  8.630919E-01  3.953671E-01  2.599695E-01  0.000000E+00  1.662655E+00  3.125384E+15  4.291630E-02  8.323040E+01
   66 17.3791785  7.2858698  2.1041923  2.2825244744E+32  5.8476225329E+09  1.1657499091E+34  2.4681523823E+08  7.6299893688E-01  8.572241E-01  3.953813E-01  2.643654E-01  0.000000E+00  1.662662E+00  3.131772E+15  4.348352E-02  7.750644E+01
   67 17.3689435  7.2831349  2.0878883  2.3375250641E+32  5.9491408204E+09  1.2078642718E+34  2.5131246365E+08  7.6832163100E-01  8.399548E-01  3.954236E-01  2.697742E-01  0.000000E+00  1.662669E+00  3.175858E+15  4.423842E-02  7.288065E+01
   68 17.3589241  7.2804084  2.0779926  2.3925256539E+32  6.0502387178E+09  1.2470128878E+34  2.5266008551E+08  7.7284911366E-01  8.348585E-01  3.954400E-01  2.742780E-01  0.000000E+00  1.662684E+00  3.174982E+15  4.499020E-02  6.698784E+01
   69 17.3491118  7.2776962  2.0625302  2.4475262436E+32  6.1508957434E+09  1.2835053910E+34  2.5682141800E+08  7.7776408474E-01  8.188700E-01  3.954823E-01  2.783791E-01  0.000000E+00  1.662696E+00  3.216580E+15  4.573869E-02  6.325756E+01
   70 17.3394984  7.2750028  2.0533728  2.5025268334E+32  6.2510871291E+09  1.3176104879E+34  2.5794699424E+08  7.8218742754E-01  8.146022E-01  3.954962E-01  2.818368E-01  0.000000E+00  1.662709E+00  3.213231E+15  4.648373E-02  5.853235E+01
   71 17.3300756  7.2723305  2.0398626  2.5575274231E+32  6.3506364578E+09  1.3496199900E+34  2.6172904184E+08  7.8743119873E-01  8.019672E-01  3.955307E-01  2.851996E-01  0.000000E+00  1.662720E+00  3.243636E+15  4.722399E-02  5.563745E+01
   72 17.3208344  7.2696800  2.0320356  2.6125280129E+32  6.4493546832E+09  1.3797928507E+34  2.6265404676E+08  7.9212332100E-01  7.996229E-01  3.955445E-01  2.880391E-01  0.000000E+00  1.662740E+00  3.233130E+15  4.795807E-02  5.188437E+01
   73 17.3117657  7.2670527  2.0208169  2.6675286026E+32  6.5472179466E+09  1.4083057685E+34  2.6607925035E+08  7.9801266170E-01  7.908146E-01  3.955747E-01  2.910343E-01  0.000000E+00  1.662758E+00  3.249211E+15  4.868579E-02  4.966217E+01
   74 17.3028609  7.2644494  2.0135250  2.7225291924E+32  6.6442379767E+09  1.4353054293E+34  2.6681645173E+08  8.0259717463E-01  7.889452E-01  3.955916E-01  2.933082E-01  0.000000E+00  1.662785E+00  3.237218E+15  4.940724E-02  4.655044E+01
   75 17.2941119  7.2618711  2.0029136  2.7775297821E+32  6.7404137091E+09  1.4609184763E+34  2.6995282078E+08  8.0831749149E-01  7.808672E-01  3.956213E-01  2.957796E-01  0.000000E+00  1.662803E+00  3.251165E+15  5.012241E-02  4.469717E+01
   76 17.2855108  7.2593182  1.9963410  2.8325303719E+32  6.8357609051E+09  1.4852597258E+34  2.7034619945E+08  8.1265885761E-01  7.798680E-01  3.956364E-01  2.975540E-01  0.000000E+00  1.662828E+00  3.236064E+15  5.083142E-02  4.205319E+01
   77 17.2729817  7.2555511  1.9831850  2.9150312565E+32  6.9771760538E+09  1.5193568800E+34  2.7342107637E+08  8.2036613497E-01  7.719381E-01  3.956772E-01  3.003262E-01  0.000000E+00  1.662867E+00  3.240815E+15  5.188300E-02  3.881722E+01
   78 17.2565803  7.2505969  1.9672831  3.0250324360E+32  7.1635234287E+09  1.5618752622E+34  2.7651606007E+08  8.3011485890E-01  7.639472E-01  3.957321E-01  3.034163E-01  0.000000E+00  1.662930E+00  3.237214E+15  5.326870E-02  3.545569E+01
   79 17.2406592  7.2457432  1.9521361  3.1350336154E+32  7.3468676010E+09  1.6007791699E+34  2.7931192824E+08  8.3966177207E-01  7.567033E-01  3.957884E-01  3.059649E-01  0.000000E+00  1.662997E+00  3.231576E+15  5.463206E-02  3.254871E+01
   80 17.2251757  7.2409875  1.9375635  3.2450347949E+32  7.5273686664E+09  1.6365484315E+34  2.8192461066E+08  8.4893446944E-01  7.499595E-01  3.958280E-01  3.080356E-01  0.000000E+00  1.663048E+00  3.224905E+15  5.597429E-02  3.002143E+01
   81 17.2100921  7.2363266  1.9235570  3.3550359744E+32  7.7051836472E+09  1.6695734080E+34  2.8435825853E+08  8.5798467823E-01  7.437413E-01  3.958447E-01  3.097170E-01  0.000000E+00  1.663080E+00  3.216978E+15  5.729654E-02  2.779510E+01
   82 17.1953752  7.2317570  1.9100340  3.4650371539E+32  7.8804617117E+09  1.7001766915E+34  2.8663471445E+08  8.6682378995E-01  7.379266E-01  3.958617E-01  3.110683E-01  0.000000E+00  1.663116E+00  3.208216E+15  5.859992E-02  2.582378E+01
   83 17.1809952  7.2272751  1.8969338  3.5750383334E+32  8.0533481879E+09  1.7286288882E+34  2.8877461976E+08  8.7540708029E-01  7.324567E-01  3.958775E-01  3.121171E-01  0.000000E+00  1.663156E+00  3.198853E+15  5.988553E-02  2.406611E+01
   84 17.1669257  7.2228771  1.8842228  3.6850395129E+32  8.2239799249E+09  1.7551575788E+34  2.9079517750E+08  8.8379649101E-01  7.272914E-01  3.958964E-01  3.129213E-01  0.000000E+00  1.663200E+00  3.188947E+15  6.115436E-02  2.248777E+01
   85 17.1531430  7.2185590  1.8718684  3.7950406924E+32  8.3924831407E+09  1.7799568645E+34  2.9270697433E+08  8.9205743866E-01  7.224037E-01  3.959181E-01  3.135336E-01  0.000000E+00  1.663248E+00  3.178569E+15  6.240737E-02  2.106507E+01
   86 17.1396257  7.2143173  1.8598317  3.9050418719E+32  8.5589770982E+09  1.8031921202E+34  2.9451600086E+08  9.0015692889E-01  7.177694E-01  3.959375E-01  3.139661E-01  0.000000E+00  1.663294E+00  3.167838E+15  6.364543E-02  1.977230E+01
   87 17.1263547  7.2101481  1.8480962  4.0150430514E+32  8.7235731793E+09  1.8250065681E+34  2.9623021552E+08  9.0811475754E-01  7.133711E-01  3.959591E-01  3.142452E-01  0.000000E+00  1.663338E+00  3.156742E+15  6.486939E-02  1.859588E+01
   88 17.1133126  7.2060482  1.8366409  4.1250442309E+32  8.8863737402E+09  1.8455247043E+34  2.9785757581E+08  9.1593974312E-01  7.091903E-01  3.959841E-01  3.143904E-01  0.000000E+00  1.663383E+00  3.145314E+15  6.607999E-02  1.751807E+01
   89 17.1004835  7.2020143  1.8254428  4.2350454103E+32  9.0474746831E+09  1.8648556627E+34  2.9940596403E+08  9.2363619890E-01  7.052068E-01  3.960122E-01  3.144170E-01  0.000000E+00  1.663428E+00  3.133608E+15  6.727795E-02  1.652895E+01
   90 17.0878530  7.1980436  1.8144714  4.3450465898E+32  9.2069679764E+09  1.8830959986E+34  3.0087810857E+08  9.3101334133E-01  7.014049E-01  3.960371E-01  3.142708E-01  0.000000E+00  1.663462E+00  3.121724E+15  6.846396E-02  1.561830E+01
   91 17.0754081  7.1941342  1.8037210  4.4550477693E+32  9.3649399193E+09  1.9003303770E+34  3.0228060470E+08  9.3807655249E-01  6.977741E-01  3.960657E-01  3.139627E-01  0.000000E+00  1.663497E+00  3.109632E+15  6.963866E-02  1.477549E+01
   92 17.0631366  7.1902836  1.7931757  4.5650489488E+32  9.5214699931E+09  1.9166352084E+34  3.0361823221E+08  9.4502421134E-01  6.943025E-01  3.960979E-01  3.135673E-01  0.000000E+00  1.663531E+00  3.097361E+15  7.080263E-02  1.399612E+01
   93 17.0510275  7.1864892  1.7828206  4.6750501283E+32  9.6766331697E+09  1.9320784215E+34  3.0489597231E+08  9.5186456537E-01  6.909778E-01  3.961336E-01  3.130947E-01  0.000000E+00  1.663566E+00  3.084942E+15  7.195644E-02  1.327120E+01
   94 17.0390706  7.1827487  1.7726335  4.7850513078E+32  9.8305018290E+09  1.9467205807E+34  3.0611506549E+08  9.5859578039E-01  6.877927E-01  3.961665E-01  3.125502E-01  0.000000E+00  1.663603E+00  3.072464E+15  7.310062E-02  1.259611E+01
   95 17.0272565  7.1790597  1.7626121  4.8950524873E+32  9.9831443822E+09  1.9606169218E+34  3.0727989870E+08  9.6523090405E-01  6.847376E-01  3.962026E-01  3.119434E-01  0.000000E+00  1.663643E+00  3.059880E+15  7.423569E-02  1.196691E+01
   96 17.0155766  7.1754201  1.7527436  5.0050536668E+32  1.0134624335E+10  1.9738167517E+34  3.0840098432E+08  9.7177393316E-01  6.818043E-01  3.962360E-01  3.112799E-01  0.000000E+00  1.663680E+00  3.047212E+15  7.536211E-02  1.137733E+01
   97 17.0040228  7.1718277  1.7430094  5.1150548463E+32  1.0285003513E+10  1.9863650825E+34  3.0950842320E+08  9.7822321267E-01  6.789842E-01  3.962448E-01  3.105633E-01  0.000000E+00  1.663695E+00  3.034499E+15  7.648034E-02  1.082551E+01
   98 16.9925876  7.1682808  1.7334075  5.2250560257E+32  1.0434340383E+10  1.9983029887E+34  3.1057327733E+08  9.8458699872E-01  6.762725E-01  3.962509E-01  3.097993E-01  0.000000E+00  1.663711E+00  3.021747E+15  7.759083E-02  1.030784E+01
   99 16.9812640  7.1647774  1.7239363  5.3350572052E+32  1.0582688013E+10  2.0096672624E+34  3.1159522914E+08  9.9087372887E-01  6.736687E-01  3.962573E-01  3.089936E-01  0.000000E+00  1.663730E+00  3.008920E+15  7.869396E-02  9.819994E+00
  100 16.9700456  7.1613151  1.7147651  5.4450583847E+32  1.0730031998E+10  2.0204977023E+34  3.1257522718E+08  9.9723648931E-01  6.714346E-01  3.962654E-01  3.081985E-01  0.000000E+00  1.663753E+00  2.994810E+15  7.978962E-02  9.364993E+00
  101 16.9575686  7.1574709  1.7050266  5.5688097116E+32  1.0894498797E+10  2.0320587234E+34  3.1354286281E+08  1.0045145294E+00  6.696721E-01  3.962758E-01  3.073311E-01  0.000000E+00  1.663783E+00  2.976040E+15  8.101261E-02  8.833948E+00
  102 16.9438110  7.1532489  1.6941694  5.7063111860E+32  1.1075875299E+10  2.0442547194E+34  3.1468798731E+08  1.0125894163E+00  6.675795E-01  3.962887E-01  3.063514E-01  0.000000E+00  1.663819E+00  2.956294E+15  8.236135E-02  8.344588E+00
  103 16.9301854  7.1490810  1.6834562  5.8438126604E+32  1.1255831893E+10  2.0557712850E+34  3.1576895882E+08  1.0205695048E+00  6.655986E-01  3.963028E-01  3.053331E-01  0.000000E+00  1.663859E+00  2.936606E+15  8.369952E-02  7.887124E+00
  104 16.9166814  7.1449644  1.6728583  5.9813141347E+32  1.1434465424E+10  2.0666528892E+34  3.1680967719E+08  1.0284759330E+00  6.636874E-01  3.963208E-01  3.042849E-01  0.000000E+00  1.663903E+00  2.917099E+15  8.502786E-02  7.458632E+00
  105 16.9032895  7.1408962  1.6623736  6.1188156091E+32  1.1611866018E+10  2.0769404135E+34  3.1780659683E+08  1.0363072398E+00  6.618528E-01  3.963426E-01  3.032085E-01  0.000000E+00  1.663951E+00  2.897720E+15  8.634703E-02  7.057633E+00
  106 16.8900007  7.1368739  1.6519935  6.2563170835E+32  1.1788114987E+10  2.0866703527E+34  3.1875461775E+08  1.0440602725E+00  6.601005E-01  3.963634E-01  3.021046E-01  0.000000E+00  1.663995E+00  2.878454E+15  8.765764E-02  6.680547E+00
  107 16.8781002  7.1332875  1.6426398  6.3800684104E+32  1.1945870992E+10  2.0950002822E+34  3.1963352306E+08  1.0510378701E+00  6.584701E-01  3.963844E-01  3.011057E-01  0.000000E+00  1.664036E+00  2.861693E+15  8.883073E-02  6.397570E+00
  108 16.8624866  7.1285804  1.6308662  6.5450701796E+32  1.2154668442E+10  2.1053546033E+34  3.2038666458E+08  1.0600793891E+00  6.570906E-01  3.964044E-01  2.997132E-01  0.000000E+00  1.664080E+00  2.836578E+15  9.038337E-02  5.856933E+00
  109 16.8416893  7.1223661  1.6146765  6.7650725386E+32  1.2431347713E+10  2.1183002117E+34  3.2177999222E+08  1.0722643567E+00  6.545937E-01  3.964106E-01  2.978745E-01  0.000000E+00  1.664106E+00  2.806686E+15  9.244078E-02  5.376176E+00
  110 16.8248362  7.1173714  1.6013608  6.9438244553E+32  1.2654774085E+10  2.1280947388E+34  3.2303006301E+08  1.0821096353E+00  6.523451E-01  3.964173E-01  2.963505E-01  0.000000E+00  1.664125E+00  2.783951E+15  9.410220E-02  5.101806E+00
  111 16.8120106  7.1135780  1.5914586  7.0813259296E+32  1.2825699093E+10  2.1351125795E+34  3.2378724860E+08  1.0895650517E+00  6.509907E-01  3.964251E-01  2.951545E-01  0.000000E+00  1.664145E+00  2.765306E+15  9.537322E-02  4.836809E+00
  112 16.7992404  7.1098162  1.5815803  7.2188274040E+32  1.2995965242E+10  2.1417645997E+34  3.2454363857E+08  1.0970629682E+00  6.496361E-01  3.964354E-01  2.939705E-01  0.000000E+00  1.664168E+00  2.746991E+15  9.663934E-02  4.587951E+00
  113 16.7865202  7.1060844  1.5717721  7.3563288784E+32  1.3165628953E+10  2.1480706154E+34  3.2525150029E+08  1.1044942181E+00  6.483673E-01  3.964429E-01  2.927690E-01  0.000000E+00  1.664192E+00  2.728673E+15  9.790097E-02  4.351292E+00
  114 16.7738449  7.1023809  1.5620155  7.4938303527E+32  1.3334742856E+10  2.1540490548E+34  3.2592982852E+08  1.1119290902E+00  6.471498E-01  3.964532E-01  2.915692E-01  0.000000E+00  1.664220E+00  2.710442E+15  9.915852E-02  4.127488E+00
  115 16.7612097  7.0987045  1.5523048  7.6313318271E+32  1.3503358449E+10  2.1597178283E+34  3.2658069112E+08  1.1193029754E+00  6.459796E-01  3.964665E-01  2.903539E-01  0.000000E+00  1.664252E+00  2.692304E+15  1.004124E-01  3.915835E+00
  116 16.7486101  7.0950538  1.5426341  7.7688333014E+32  1.3671525749E+10  2.1650934366E+34  3.2720486612E+08  1.1265724791E+00  6.448551E-01  3.964818E-01  2.891121E-01  0.000000E+00  1.664288E+00  2.674266E+15  1.016629E-01  3.715010E+00
  117 16.7360416  7.0914279  1.5329931  7.9063347758E+32  1.3839294259E+10  2.1701916793E+34  3.2780147121E+08  1.1338246701E+00  6.437757E-01  3.964959E-01  2.878659E-01  0.000000E+00  1.664326E+00  2.656360E+15  1.029104E-01  3.525125E+00
  118 16.7235000  7.0878255  1.5233878  8.0438362502E+32  1.4006711126E+10  2.1750275166E+34  3.2837017543E+08  1.1410488698E+00  6.427429E-01  3.965128E-01  2.866126E-01  0.000000E+00  1.664368E+00  2.638526E+15  1.041553E-01  3.345318E+00
  119 16.7109813  7.0842454  1.5138151  8.1813377245E+32  1.4173823617E+10  2.1796151644E+34  3.2891135159E+08  1.1482459524E+00  6.417561E-01  3.965327E-01  2.853525E-01  0.000000E+00  1.664412E+00  2.620759E+15  1.053980E-01  3.174810E+00
  120 16.6954179  7.0798078  1.5020579  8.3532145675E+32  1.4382310522E+10  2.1849893853E+34  3.2945327557E+08  1.1572770643E+00  6.407626E-01  3.965595E-01  2.837993E-01  0.000000E+00  1.664469E+00  2.597980E+15  1.069483E-01  2.935899E+00
  121 16.6767002  7.0745149  1.4877382  8.5594667790E+32  1.4632120000E+10  2.1910335312E+34  3.3023307115E+08  1.1679216653E+00  6.393923E-01  3.965643E-01  2.818695E-01  0.000000E+00  1.664496E+00  2.571846E+15  1.088060E-01  2.716044E+00
  122 16.6580029  7.0692651  1.4734586  8.7657189906E+32  1.4881615905E+10  2.1966216404E+34  3.3097017275E+08  1.1782943050E+00  6.381093E-01  3.965694E-01  2.798695E-01  0.000000E+00  1.664527E+00  2.545863E+15  1.106612E-01  2.513251E+00
  123 16.6393144  7.0640560  1.4591845  8.9719712021E+32  1.5130938546E+10  2.2017880138E+34  3.3167430483E+08  1.1884977815E+00  6.368819E-01  3.965751E-01  2.778228E-01  0.000000E+00  1.664552E+00  2.520155E+15  1.125152E-01  2.325384E+00
  124 16.6206238  7.0588855  1.4449123  9.1782234136E+32  1.5380226419E+10  2.2065631767E+34  3.3234037834E+08  1.1985089383E+00  6.357163E-01  3.965830E-01  2.757225E-01  0.000000E+00  1.664573E+00  2.494678E+15  1.143689E-01  2.151203E+00
  125 16.6019208  7.0537515  1.4306376  9.3844756252E+32  1.5629612241E+10  2.2109746911E+34  3.3296937015E+08  1.2083989583E+00  6.346124E-01  3.965956E-01  2.735838E-01  0.000000E+00  1.664597E+00  2.469406E+15  1.162234E-01  1.988974E+00
  126 16.5831951  7.0486516  1.4163386  9.5907278367E+32  1.5879228090E+10  2.2150477122E+34  3.3356185375E+08  1.2182335283E+00  6.335654E-01  3.966085E-01  2.714202E-01  0.000000E+00  1.664608E+00  2.444380E+15  1.180796E-01  1.838044E+00
  127 16.5644370  7.0435836  1.4020171  9.7969800483E+32  1.6129204304E+10  2.2188056116E+34  3.3411727102E+08  1.2280998565E+00  6.325748E-01  3.966267E-01  2.692496E-01  0.000000E+00  1.664618E+00  2.419550E+15  1.199384E-01  1.697304E+00
  128 16.5456370  7.0385448  1.3876573  1.0003232260E+33  1.6379668466E+10  2.2222702798E+34  3.3465755965E+08  1.2380568534E+00  6.316394E-01  3.966354E-01  2.670831E-01  0.000000E+00  1.664618E+00  2.394939E+15  1.218009E-01  1.566432E+00
  129 16.5267857  7.0335328  1.3732482  1.0209484471E+33  1.6630749534E+10  2.2254622860E+34  3.3518182213E+08  1.2481535321E+00  6.307614E-01  3.966348E-01  2.649295E-01  0.000000E+00  1.664613E+00  2.370560E+15  1.236680E-01  1.444541E+00
  130 16.5078741  7.0285451  1.3587929  1.0415736683E+33  1.6882573134E+10  2.2284010028E+34  3.3567670511E+08  1.2584439871E+00  6.299346E-01  3.966391E-01  2.627981E-01  0.000000E+00  1.664613E+00  2.346359E+15  1.255406E-01  1.331423E+00
  131 16.4888932  7.0235792  1.3442769  1.0621988894E+33  1.7135262988E+10  2.2311046437E+34  3.3614368232E+08  1.2689482880E+00  6.291574E-01  3.966443E-01  2.606910E-01  0.000000E+00  1.664620E+00  2.322370E+15  1.274196E-01  1.226276E+00
  132 16.4698343  7.0186325  1.3296939  1.0828241106E+33  1.7388944196E+10  2.2335902270E+34  3.3658204256E+08  1.2796908510E+00  6.284264E-01  3.966523E-01  2.586107E-01  0.000000E+00  1.664634E+00  2.298577E+15  1.293060E-01  1.128824E+00
  133 16.4506884  7.0137025  1.3150393  1.1034493318E+33  1.7643740736E+10  2.2358736413E+34  3.3699291558E+08  1.2906968763E+00  6.277376E-01  3.966660E-01  2.565600E-01  0.000000E+00  1.664651E+00  2.274953E+15  1.312007E-01  1.038356E+00
  134 16.4314471  7.0087870  1.3002965  1.1240745529E+33  1.7899779019E+10  2.2379696590E+34  3.3737909369E+08  1.3019640800E+00  6.270905E-01  3.966787E-01  2.545356E-01  0.000000E+00  1.664677E+00  2.251544E+15  1.331046E-01  9.545533E-01
  135 16.4121015  7.0038836  1.2854655  1.1446997741E+33  1.8157186987E+10  2.2398920302E+34  3.3773854884E+08  1.3135118405E+00  6.264810E-01  3.966973E-01  2.525387E-01  0.000000E+00  1.664706E+00  2.228300E+15  1.350187E-01  8.768094E-01
  136 16.3926430  6.9989897  1.2705356  1.1653249952E+33  1.8416092481E+10  2.2416536224E+34  3.3808312147E+08  1.3255429680E+00  6.259036E-01  3.967129E-01  2.506057E-01  0.000000E+00  1.664735E+00  2.205222E+15  1.369440E-01  8.048601E-01
  137 16.3730628  6.9941013  1.2554989  1.1859502164E+33  1.8676626239E+10  2.2432665553E+34  3.3844186172E+08  1.3386207154E+00  6.253517E-01  3.967053E-01  2.488405E-01  0.000000E+00  1.664749E+00  2.182291E+15  1.388813E-01  7.382107E-01
  138 16.3533523  6.9892147  1.2403549  1.2065754375E+33  1.8938919222E+10  2.2447424281E+34  3.3878168686E+08  1.3520422805E+00  6.248301E-01  3.967019E-01  2.471083E-01  0.000000E+00  1.664767E+00  2.159489E+15  1.408318E-01  6.767704E-01
  139 16.3335025  6.9843276  1.2250886  1.2272006587E+33  1.9203104988E+10  2.2460925207E+34  3.3910393123E+08  1.3658083745E+00  6.243352E-01  3.966961E-01  2.454062E-01  0.000000E+00  1.664781E+00  2.136836E+15  1.427963E-01  6.202897E-01
  140 16.3135044  6.9794376  1.2096977  1.2478258798E+33  1.9469320758E+10  2.2473278955E+34  3.3940686298E+08  1.3799344816E+00  6.238693E-01  3.966942E-01  2.437341E-01  0.000000E+00  1.664797E+00  2.114307E+15  1.447759E-01  5.687796E-01
  141 16.2933490  6.9745426  1.1941720  1.2684511010E+33  1.9737706036E+10  2.2484593567E+34  3.3969211187E+08  1.3944278401E+00  6.234301E-01  3.966951E-01  2.420904E-01  0.000000E+00  1.664812E+00  2.091907E+15  1.467716E-01  5.220536E-01
  142 16.2730268  6.9696401  1.1785015  1.2890763221E+33  2.0008402968E+10  2.2494971852E+34  3.3995848228E+08  1.4092998003E+00  6.230179E-01  3.966977E-01  2.404741E-01  0.000000E+00  1.664826E+00  2.069637E+15  1.487845E-01  4.799765E-01
  143 16.2575958  6.9659527  1.1665311  1.3045452380E+33  2.0212803723E+10  2.2502268911E+34  3.4018508884E+08  1.4206235273E+00  6.226530E-01  3.967041E-01  2.392338E-01  0.000000E+00  1.664837E+00  2.053225E+15  1.503045E-01  4.605960E-01
  144 16.2439017  6.9626759  1.1559975  1.3182953854E+33  2.0396072991E+10  2.2508276530E+34  3.4031631218E+08  1.4309815459E+00  6.224537E-01  3.967105E-01  2.382062E-01  0.000000E+00  1.664848E+00  2.038350E+15  1.516673E-01  4.305566E-01
  145 16.2283205  6.9589785  1.1439331  1.3337643013E+33  2.0603426414E+10  2.2514721925E+34  3.4049767112E+08  1.4428210086E+00  6.221619E-01  3.967193E-01  2.370270E-01  0.000000E+00  1.664859E+00  2.021924E+15  1.532092E-01  4.087035E-01
  146 16.2143992  6.9556863  1.1331730  1.3475144487E+33  2.0789141687E+10  2.2520111411E+34  3.4063217681E+08  1.4535379422E+00  6.219437E-01  3.967307E-01  2.359984E-01  0.000000E+00  1.664871E+00  2.007275E+15  1.545902E-01  3.880007E-01
  147 16.2003871  6.9523868  1.1223316  1.3612645962E+33  2.0976149952E+10  2.2525218889E+34  3.4077971454E+08  1.4644676577E+00  6.217303E-01  3.967350E-01  2.349836E-01  0.000000E+00  1.664874E+00  1.992677E+15  1.559808E-01  3.684816E-01
  148 16.1845368  6.9486667  1.1100724  1.3767335120E+33  2.1188234403E+10  2.2530628536E+34  3.4094729291E+08  1.4770215895E+00  6.215178E-01  3.967275E-01  2.338685E-01  0.000000E+00  1.664863E+00  1.976255E+15  1.575579E-01  3.449806E-01
  149 16.1649976  6.9441049  1.0949453  1.3956399648E+33  2.1449856513E+10  2.2536807006E+34  3.4114452379E+08  1.4927423333E+00  6.212647E-01  3.967220E-01  2.325270E-01  0.000000E+00  1.664853E+00  1.956267E+15  1.595033E-01  3.185367E-01
  150 16.1434279  6.9391059  1.0782094  1.4162651859E+33  2.1738300462E+10  2.2543045815E+34  3.4135958720E+08  1.5103295812E+00  6.209824E-01  3.967182E-01  2.310658E-01  0.000000E+00  1.664843E+00  1.934603E+15  1.616482E-01  2.938704E-01
  151 16.1270128  6.9353378  1.0654092  1.4317341018E+33  2.1956594309E+10  2.2547423519E+34  3.4154145086E+08  1.5237412650E+00  6.207296E-01  3.967151E-01  2.299318E-01  0.000000E+00  1.664836E+00  1.918558E+15  1.632715E-01  2.824457E-01
  152 16.1133252  6.9321904  1.0547925  1.4446248650E+33  2.2140507378E+10  2.2550786569E+34  3.4165085613E+08  1.5352494621E+00  6.205897E-01  3.967151E-01  2.290555E-01  0.000000E+00  1.664833E+00  1.905037E+15  1.646391E-01  2.643653E-01
  153 16.0985546  6.9288191  1.0432877  1.4583750124E+33  2.2338044245E+10  2.2554190768E+34  3.4178428978E+08  1.5477355837E+00  6.204057E-01  3.967170E-01  2.280997E-01  0.000000E+00  1.664833E+00  1.890765E+15  1.661080E-01  2.507824E-01
  154 16.0846338  6.9256478  1.0324593  1.4712657757E+33  2.2524965789E+10  2.2557160774E+34  3.4189097334E+08  1.5596854067E+00  6.202701E-01  3.967172E-01  2.272293E-01  0.000000E+00  1.664832E+00  1.877348E+15  1.674980E-01  2.354892E-01
  155 16.0696551  6.9222514  1.0207913  1.4850159231E+33  2.2726032266E+10  2.2560124845E+34  3.4200287282E+08  1.5726963132E+00  6.201215E-01  3.967205E-01  2.263061E-01  0.000000E+00  1.664834E+00  1.863093E+15  1.689931E-01  2.205298E-01
  156 16.0545509  6.9188404  1.0090188  1.4987660705E+33  2.2928958273E+10  2.2562875741E+34  3.4210624812E+08  1.5859739696E+00  6.199808E-01  3.967272E-01  2.253914E-01  0.000000E+00  1.664839E+00  1.848861E+15  1.705021E-01  2.058830E-01
  157 16.0393172  6.9154141  0.9971348  1.5125162180E+33  2.3133811155E+10  2.2565419109E+34  3.4220637961E+08  1.5995354662E+00  6.198467E-01  3.967329E-01  2.244862E-01  0.000000E+00  1.664842E+00  1.834660E+15  1.720254E-01  1.916051E-01
  158 16.0201522  6.9111099  0.9822008  1.5297039023E+33  2.3392988552E+10  2.2568286995E+34  3.4230828782E+08  1.6170030823E+00  6.197118E-01  3.967434E-01  2.234118E-01  0.000000E+00  1.664849E+00  1.816880E+15  1.739527E-01  1.724338E-01
  159 16.0006414  6.9067756  0.9669236  1.5468915866E+33  2.3654772299E+10  2.2570914118E+34  3.4242472632E+08  1.6347788182E+00  6.195359E-01  3.967601E-01  2.222690E-01  0.000000E+00  1.664860E+00  1.799266E+15  1.758993E-01  1.581599E-01
  160 15.9849214  6.9032887  0.9546241  1.5606417340E+33  2.3866928133E+10  2.2572783131E+34  3.4250338708E+08  1.6494018605E+00  6.194166E-01  3.967714E-01  2.213944E-01  0.000000E+00  1.664868E+00  1.785159E+15  1.774769E-01  1.454737E-01
  161 15.9710206  6.9002214  0.9437274  1.5726731130E+33  2.4054293091E+10  2.2574282445E+34  3.4260913731E+08  1.6624520086E+00  6.193053E-01  3.967623E-01  2.206232E-01  0.000000E+00  1.664855E+00  1.772841E+15  1.788702E-01  1.355166E-01
  162 15.9550718  6.8966985  0.9312583  1.5864232604E+33  2.4271040550E+10  2.2575805875E+34  3.4270819816E+08  1.6778581950E+00  6.192178E-01  3.967528E-01  2.198106E-01  0.000000E+00  1.664842E+00  1.758679E+15  1.804820E-01  1.228109E-01
  163 15.9388557  6.8931526  0.9185154  1.6001734079E+33  2.4489598392E+10  2.2577207485E+34  3.4283041839E+08  1.6934424423E+00  6.190902E-01  3.967415E-01  2.189325E-01  0.000000E+00  1.664828E+00  1.744655E+15  1.821072E-01  1.127145E-01
  164 15.9225875  6.8895864  0.9057724  1.6139235553E+33  2.4711282980E+10  2.2578415542E+34  3.4292531930E+08  1.7095681073E+00  6.190066E-01  3.967316E-01  2.181376E-01  0.000000E+00  1.664815E+00  1.730538E+15  1.837556E-01  1.013434E-01
  165 15.9039898  6.8855452  0.8911489  1.6293924712E+33  2.4963235799E+10  2.2579631276E+34  3.4304466894E+08  1.7280210408E+00  6.188801E-01  3.967243E-01  2.171903E-01  0.000000E+00  1.664802E+00  1.714761E+15  1.856292E-01  9.062926E-02
  166 15.8873011  6.8819277  0.8780241  1.6431426186E+33  2.5190232827E+10  2.2580556744E+34  3.4314630631E+08  1.7448691142E+00  6.187793E-01  3.967165E-01  2.163734E-01  0.000000E+00  1.664791E+00  1.700735E+15  1.873172E-01  8.115571E-02
  167 15.8704322  6.8782849  0.8647452  1.6568927661E+33  2.5420031118E+10  2.2581354520E+34  3.4324397297E+08  1.7621369087E+00  6.186787E-01  3.967111E-01  2.155656E-01  0.000000E+00  1.664781E+00  1.686724E+15  1.890260E-01  7.251878E-02
  168 15.8533774  6.8746156  0.8513085  1.6706429135E+33  2.5652734768E+10  2.2582035101E+34  3.4333563848E+08  1.7798277533E+00  6.185780E-01  3.967096E-01  2.147652E-01  0.000000E+00  1.664774E+00  1.672723E+15  1.907564E-01  6.453049E-02
  169 15.8361304  6.8709187  0.8377047  1.6843930609E+33  2.5888453245E+10  2.2582609064E+34  3.4342875945E+08  1.7979544474E+00  6.184801E-01  3.967059E-01  2.139717E-01  0.000000E+00  1.664767E+00  1.658743E+15  1.925092E-01  5.727152E-02
  170 15.8186849  6.8671931  0.8239315  1.6981432084E+33  2.6127301177E+10  2.2583087372E+34  3.4351642331E+08  1.8165405675E+00  6.183830E-01  3.967055E-01  2.131858E-01  0.000000E+00  1.664764E+00  1.644774E+15  1.942853E-01  5.075155E-02
  171 15.8010343  6.8634374  0.8099839  1.7118933558E+33  2.6369397465E+10  2.2583480857E+34  3.4359706644E+08  1.8356056396E+00  6.182856E-01  3.967099E-01  2.124075E-01  0.000000E+00  1.664766E+00  1.630811E+15  1.960856E-01  4.496832E-02
  172 15.7831717  6.8596505  0.7958532  1.7256435032E+33  2.6614867182E+10  2.2583799944E+34  3.4367808653E+08  1.8551627874E+00  6.181917E-01  3.967110E-01  2.116359E-01  0.000000E+00  1.664768E+00  1.616859E+15  1.979109E-01  3.988956E-02
  173 15.7650899  6.8558310  0.7815358  1.7393936507E+33  2.6863841427E+10  2.2584054239E+34  3.4375063014E+08  1.8752362790E+00  6.180981E-01  3.967175E-01  2.108713E-01  0.000000E+00  1.664777E+00  1.602913E+15  1.997623E-01  3.545336E-02
  174 15.7467813  6.8519775  0.7670255  1.7531437981E+33  2.7116456906E+10  2.2584252386E+34  3.4381596772E+08  1.8958480038E+00  6.180048E-01  3.967283E-01  2.101138E-01  0.000000E+00  1.664789E+00  1.588968E+15  2.016408E-01  3.160429E-02
  175 15.7282383  6.8480887  0.7523148  1.7668939455E+33  2.7372857318E+10  2.2584402007E+34  3.4387834602E+08  1.9170199075E+00  6.179127E-01  3.967389E-01  2.093629E-01  0.000000E+00  1.664799E+00  1.575017E+15  2.035474E-01  2.826359E-02
  176 15.7094525  6.8441630  0.7373996  1.7806440930E+33  2.7633193012E+10  2.2584509619E+34  3.4394531983E+08  1.9387790252E+00  6.178224E-01  3.967473E-01  2.086190E-01  0.000000E+00  1.664805E+00  1.561048E+15  2.054833E-01  2.536010E-02
  177 15.6904154  6.8401989  0.7222755  1.7943942404E+33  2.7897620387E+10  2.2584580770E+34  3.4406234322E+08  1.9611579759E+00  6.177356E-01  3.967288E-01  2.078826E-01  0.000000E+00  1.664774E+00  1.547018E+15  2.074496E-01  2.283129E-02
  178 15.6711180  6.8361947  0.7069320  1.8081443879E+33  2.8166304190E+10  2.2584620087E+34  3.4417820006E+08  1.9841802539E+00  6.176506E-01  3.967106E-01  2.071531E-01  0.000000E+00  1.664738E+00  1.532964E+15  2.094475E-01  2.060803E-02
  179 15.6515510  6.8321488  0.6913622  1.8218945353E+33  2.8439418640E+10  2.2584631430E+34  3.4428710997E+08  2.0078760739E+00  6.175675E-01  3.966967E-01  2.064306E-01  0.000000E+00  1.664704E+00  1.518888E+15  2.114784E-01  1.864775E-02
  180 15.6317043  6.8280593  0.6755580  1.8356446827E+33  2.8717147043E+10  2.2584618054E+34  3.4440068250E+08  2.0322796128E+00  6.174863E-01  3.966793E-01  2.057151E-01  0.000000E+00  1.664667E+00  1.504782E+15  2.135437E-01  1.690393E-02
  181 15.6115676  6.8239245  0.6595106  1.8493948302E+33  2.8999682933E+10  2.2584582661E+34  3.4450590476E+08  2.0574256473E+00  6.174067E-01  3.966664E-01  2.050066E-01  0.000000E+00  1.664636E+00  1.490652E+15  2.156446E-01  1.534165E-02
  182 15.5911300  6.8197422  0.6432096  1.8631449776E+33  2.9287231336E+10  2.2584527560E+34  3.4460843075E+08  2.0833497790E+00  6.173281E-01  3.966545E-01  2.043051E-01  0.000000E+00  1.664607E+00  1.476496E+15  2.177829E-01  1.393644E-02
  183 15.5703800  6.8155105  0.6266449  1.8768951250E+33  2.9580009691E+10  2.2584454706E+34  3.4470833057E+08  2.1100892883E+00  6.172496E-01  3.966438E-01  2.036104E-01  0.000000E+00  1.664583E+00  1.462314E+15  2.199600E-01  1.266027E-02
  184 15.5493054  6.8112272  0.6098076  1.8906452725E+33  2.9878247987E+10  2.2584365795E+34  3.4479774259E+08  2.1376916030E+00  6.171719E-01  3.966388E-01  2.029229E-01  0.000000E+00  1.664565E+00  1.448100E+15  2.221777E-01  1.150175E-02
  185 15.5278934  6.8068899  0.5926836  1.9043954199E+33  3.0182190813E+10  2.2584262325E+34  3.4488969413E+08  2.1661983208E+00  6.170955E-01  3.966321E-01  2.022424E-01  0.000000E+00  1.664541E+00  1.433851E+15  2.244379E-01  1.044247E-02
  186 15.5061306  6.8024963  0.5752659  1.9181455673E+33  3.0492097430E+10  2.2584145615E+34  3.4496797401E+08  2.1956670159E+00  6.170201E-01  3.966330E-01  2.015697E-01  0.000000E+00  1.664524E+00  1.419564E+15  2.267424E-01  9.473900E-03
  187 15.4840026  6.7980434  0.5575429  1.9318957148E+33  3.0808241717E+10  2.2584016880E+34  3.4504376650E+08  2.2265572002E+00  6.169484E-01  3.966324E-01  2.009425E-01  0.000000E+00  1.664505E+00  1.405222E+15  2.290933E-01  8.585945E-03
  188 15.4614943  6.7935274  0.5395038  1.9456458622E+33  3.1130914489E+10  2.2583877233E+34  3.4510654701E+08  2.2590997896E+00  6.168795E-01  3.966371E-01  2.003763E-01  0.000000E+00  1.664491E+00  1.390823E+15  2.314927E-01  7.770558E-03
  189 15.4385897  6.7889446  0.5211358  1.9593960097E+33  3.1460424803E+10  2.2583727692E+34  3.4516110545E+08  2.2928703524E+00  6.168119E-01  3.966435E-01  1.998277E-01  0.000000E+00  1.664483E+00  1.376364E+15  2.339430E-01  7.022861E-03
  190 15.4152718  6.7842917  0.5024251  1.9731461571E+33  3.1797101974E+10  2.2583569179E+34  3.4520399587E+08  2.3279369599E+00  6.167456E-01  3.966529E-01  1.992971E-01  0.000000E+00  1.664481E+00  1.361838E+15  2.364465E-01  6.335259E-03
  191 15.3915224  6.7795651  0.4833567  1.9868963045E+33  3.2141297719E+10  2.2583402553E+34  3.4523295618E+08  2.3643748321E+00  6.166801E-01  3.966686E-01  1.987851E-01  0.000000E+00  1.664487E+00  1.347243E+15  2.390060E-01  5.705664E-03
  192 15.3673222  6.7747610  0.4639174  2.0006464520E+33  3.2493387215E+10  2.2583228601E+34  3.4532013009E+08  2.4022681774E+00  6.166196E-01  3.966577E-01  1.982928E-01  0.000000E+00  1.664466E+00  1.332538E+15  2.416242E-01  5.126974E-03
  193 15.3426507  6.7698752  0.4440883  2.0143965994E+33  3.2853772116E+10  2.2583048055E+34  3.4542737223E+08  2.4417022318E+00  6.165618E-01  3.966382E-01  1.978207E-01  0.000000E+00  1.664433E+00  1.317737E+15  2.443040E-01  4.598371E-03
  194 15.3174858  6.7649033  0.4238500  2.0281467468E+33  3.3222884965E+10  2.2582861608E+34  3.4553261204E+08  2.4827702371E+00  6.165037E-01  3.966193E-01  1.973696E-01  0.000000E+00  1.664398E+00  1.302846E+15  2.470488E-01  4.113414E-03
  195 15.2918042  6.7598406  0.4031855  2.0418968943E+33  3.3601190479E+10  2.2582669911E+34  3.4562692152E+08  2.5255777740E+00  6.164450E-01  3.966049E-01  1.969407E-01  0.000000E+00  1.664366E+00  1.287857E+15  2.498619E-01  3.671732E-03
  196 15.2655805  6.7546820  0.3820744  2.0556470417E+33  3.3989187948E+10  2.2582473582E+34  3.4571604851E+08  2.5702325631E+00  6.163833E-01  3.965934E-01  1.965347E-01  0.000000E+00  1.664336E+00  1.272762E+15  2.527471E-01  3.267870E-03
  197 15.2387878  6.7494221  0.3604951  2.0693971891E+33  3.4387415422E+10  2.2582273195E+34  3.4579382454E+08  2.6168563457E+00  6.163200E-01  3.965886E-01  1.961529E-01  0.000000E+00  1.664310E+00  1.257555E+15  2.557084E-01  2.901247E-03
  198 15.2113969  6.7440548  0.3384240  2.0831473366E+33  3.4796454036E+10  2.2582069297E+34  3.4586065078E+08  2.6655829749E+00  6.162561E-01  3.965911E-01  1.957966E-01  0.000000E+00  1.664288E+00  1.242228E+15  2.587500E-01  2.567487E-03
  199 15.1833765  6.7385738  0.3158370  2.0968974840E+33  3.5216932446E+10  2.2581862396E+34  3.4594291051E+08  2.7165626494E+00  6.161958E-01  3.965863E-01  1.954678E-01  0.000000E+00  1.664255E+00  1.226759E+15  2.618767E-01  2.265531E-03
  200 15.1546926  6.7329720  0.2927101  2.1106476315E+33  3.5649530366E+10  2.2581652971E+34  3.4606724174E+08  2.7699578214E+00  6.161410E-01  3.965603E-01  1.951683E-01  0.000000E+00  1.664201E+00  1.211123E+15  2.650936E-01  1.992181E-03
  201 15.1253087  6.7272419  0.2690115  2.1243977789E+33  3.6094986266E+10  2.2581441475E+34  3.4619370513E+08  2.8259375984E+00  6.160856E-01  3.965305E-01  1.948997E-01  0.000000E+00  1.664141E+00  1.195329E+15  2.684060E-01  1.745759E-03
  202 15.0951848  6.7213750  0.2447084  2.1381479263E+33  3.6554106512E+10  2.2581228345E+34  3.4630201420E+08  2.8846934753E+00  6.160273E-01  3.965081E-01  1.946640E-01  0.000000E+00  1.664086E+00  1.179375E+15  2.718201E-01  1.524162E-03
  203 15.0642777  6.7153624  0.2197649  2.1518980738E+33  3.7027772886E+10  2.2581013993E+34  3.4640641105E+08  2.9464286537E+00  6.159662E-01  3.964861E-01  1.944631E-01  0.000000E+00  1.664031E+00  1.163253E+15  2.753423E-01  1.325134E-03
  204 15.0325403  6.7091941  0.1941436  2.1656482212E+33  3.7516951520E+10  2.2580798813E+34  3.4649542657E+08  3.0113791727E+00  6.159036E-01  3.964716E-01  1.942997E-01  0.000000E+00  1.663989E+00  1.146957E+15  2.789799E-01  1.147434E-03
  205 14.9999207  6.7028590  0.1678022  2.1793983686E+33  3.8022703698E+10  2.2580583178E+34  3.4656077721E+08  3.0797959148E+00  6.158398E-01  3.964697E-01  1.941765E-01  0.000000E+00  1.663968E+00  1.130482E+15  2.827407E-01  9.887576E-04
  206 14.9663625  6.6963453  0.1406988  2.1931485161E+33  3.8546196819E+10  2.2580367431E+34  3.4666807711E+08  3.1516596412E+00  6.157785E-01  3.964514E-01  1.940774E-01  0.000000E+00  1.663946E+00  1.113789E+15  2.866335E-01  8.478993E-04
  207 14.9318033  6.6896403  0.1127882  2.2068986635E+33  3.9088715759E+10  2.2580151887E+34  3.4683361568E+08  3.2273299195E+00  6.157221E-01  3.964070E-01  1.940088E-01  0.000000E+00  1.663892E+00  1.096832E+15  2.906677E-01  7.234137E-04
  208 14.8961743  6.6827293  0.0840116  2.2206488109E+33  3.9651684581E+10  2.2579936861E+34  3.4698279662E+08  3.3073962224E+00  6.156656E-01  3.963691E-01  1.939892E-01  0.000000E+00  1.663840E+00  1.079628E+15  2.948540E-01  6.134986E-04
  209 14.8593993  6.6755958  0.0543099  2.2343989584E+33  4.0236689109E+10  2.2579722672E+34  3.4712327518E+08  3.3922683540E+00  6.156054E-01  3.963339E-01  1.940242E-01  0.000000E+00  1.663782E+00  1.062150E+15  2.992042E-01  5.171293E-04
  210 14.8213934  6.6682210  0.0236135  2.2481491058E+33  4.0845500918E+10  2.2579509633E+34  3.4724752618E+08  3.4824020758E+00  6.155376E-01  3.963058E-01  1.941195E-01  0.000000E+00  1.663725E+00  1.044387E+15  3.037313E-01  4.330399E-04
  211 14.7820619  6.6605839 -0.0081518  2.2618992533E+33  4.1480107508E+10  2.2579298050E+34  3.4734465840E+08  3.5783145189E+00  6.154625E-01  3.962904E-01  1.942823E-01  0.000000E+00  1.663680E+00  1.026322E+15  3.084503E-01  3.599833E-04
  212 14.7412985  6.6526607 -0.0410683  2.2756494007E+33  4.2142745161E+10  2.2579088229E+34  3.4741937937E+08  3.6806124304E+00  6.153835E-01  3.962855E-01  1.945219E-01  0.000000E+00  1.663644E+00  1.007923E+15  3.133778E-01  2.968084E-04
  213 14.6989832  6.6444246 -0.0752170  2.2893995481E+33  4.2835932458E+10  2.2578880437E+34  3.4764179159E+08  3.7892845736E+00  6.153122E-01  3.962176E-01  1.948115E-01  0.000000E+00  1.663523E+00  9.890744E+14  3.185324E-01  2.426162E-04
  214 14.6549800  6.6358452 -0.1107162  2.3031496956E+33  4.3562533575E+10  2.2578674926E+34  3.4785278397E+08  3.9056301460E+00  6.152428E-01  3.961552E-01  1.951902E-01  0.000000E+00  1.663404E+00  9.698262E+14  3.239355E-01  1.964307E-04
  215 14.6091339  6.6268867 -0.1476830  2.3168998430E+33  4.4325831122E+10  2.2578471983E+34  3.4804183814E+08  4.0306205771E+00  6.151704E-01  3.961008E-01  1.956760E-01  0.000000E+00  1.663291E+00  9.501344E+14  3.296114E-01  1.573594E-04
  216 14.5612665  6.6175071 -0.1862573  2.3306499904E+33  4.5129600548E+10  2.2578271923E+34  3.4819873029E+08  4.1652676675E+00  6.150903E-01  3.960614E-01  1.962846E-01  0.000000E+00  1.663194E+00  9.299655E+14  3.355884E-01  1.245774E-04
  217 14.5111719  6.6076569 -0.2265979  2.3444001379E+33  4.5978217374E+10  2.2578075070E+34  3.4830577221E+08  4.3107555896E+00  6.149959E-01  3.960472E-01  1.970354E-01  0.000000E+00  1.663132E+00  9.092775E+14  3.418988E-01  9.732713E-05
  218 14.4586099  6.5972775 -0.2688799  2.3581502853E+33  4.6876779248E+10  2.2577881759E+34  3.4848307323E+08  4.4686744636E+00  6.148922E-01  3.960063E-01  1.979620E-01  0.000000E+00  1.663044E+00  8.879602E+14  3.485806E-01  7.491429E-05
  219 14.4032979  6.5862975 -0.3133162  2.3719004327E+33  4.7831271254E+10  2.2577692337E+34  3.4879925628E+08  4.6410242148E+00  6.147900E-01  3.959056E-01  1.991115E-01  0.000000E+00  1.662900E+00  8.659251E+14  3.556783E-01  5.669953E-05
  220 14.3449003  6.5746308 -0.3601608  2.3856505802E+33  4.8848796564E+10  2.2577507190E+34  3.4908563951E+08  4.8292627277E+00  6.146866E-01  3.958123E-01  2.005019E-01  0.000000E+00  1.662757E+00  8.431208E+14  3.632447E-01  4.209661E-05
  221 14.2830133  6.5621727 -0.4097152  2.3994007276E+33  4.9937897156E+10  2.2577326749E+34  3.4931150504E+08  5.0355572492E+00  6.145781E-01  3.957500E-01  2.021768E-01  0.000000E+00  1.662631E+00  8.194536E+14  3.713433E-01  3.057267E-05
  222 14.2171457  6.5487948 -0.4623736  2.4131508750E+33  5.1108991064E+10  2.2577151481E+34  3.4944796877E+08  5.2613120552E+00  6.144087E-01  3.957422E-01  2.041440E-01  0.000000E+00  1.662593E+00  7.948866E+14  3.800517E-01  2.164348E-05
  223 14.1641296  6.5381311 -0.5049305  2.4234634856E+33  5.2039527842E+10  2.2577023134E+34  3.4974687206E+08  5.4360744220E+00  6.141636E-01  3.956771E-01  2.050747E-01  0.000000E+00  1.662508E+00  7.759326E+14  3.869713E-01  1.638012E-05
  224 14.1275564  6.5306050 -0.5339479  2.4303385593E+33  5.2699417475E+10  2.2576939776E+34  3.4992341879E+08  5.5708743592E+00  6.142307E-01  3.955909E-01  2.064664E-01  0.000000E+00  1.662387E+00  7.624943E+14  3.918783E-01  1.345370E-05
  225 14.0895866  6.5227415 -0.5641538  2.4372136331E+33  5.3388079292E+10  2.2576858006E+34  3.5017493482E+08  5.7073553733E+00  6.141157E-01  3.955148E-01  2.077863E-01  0.000000E+00  1.662261E+00  7.489272E+14  3.969993E-01  1.095305E-05
  226 14.0500973  6.5145073 -0.5954840  2.4440887068E+33  5.4108059088E+10  2.2576777906E+34  3.5037707480E+08  5.8521777806E+00  6.140317E-01  3.954509E-01  2.092774E-01  0.000000E+00  1.662126E+00  7.349286E+14  4.023531E-01  8.825882E-06
  227 14.0089483  6.5058624 -0.6280666  2.4509637805E+33  5.4862213321E+10  2.2576699563E+34  3.5055631298E+08  6.0049774042E+00  6.139499E-01  3.953968E-01  2.109237E-01  0.000000E+00  1.661995E+00  7.205177E+14  4.079611E-01  7.032346E-06
  228 13.9659781  6.4967628 -0.6620297  2.4578388542E+33  5.5653833461E+10  2.2576623055E+34  3.5068802046E+08  6.1634539565E+00  6.138579E-01  3.953616E-01  2.126415E-01  0.000000E+00  1.661923E+00  7.056977E+14  4.138476E-01  5.534391E-06
  229 13.9209995  6.4871610 -0.6975141  2.4647139279E+33  5.6486718484E+10  2.2576548447E+34  3.5075130682E+08  6.3254643677E+00  6.137537E-01  3.953546E-01  2.143535E-01  0.000000E+00  1.661917E+00  6.904351E+14  4.200411E-01  4.296445E-06
  230 13.8737936  6.4769997 -0.7346755  2.4715890017E+33  5.7365281738E+10  2.2576475815E+34  3.5071669256E+08  6.4949872540E+00  6.136438E-01  3.953898E-01  2.161944E-01  0.000000E+00  1.661950E+00  6.746630E+14  4.265741E-01  3.285168E-06
  231 13.8241021  6.4662085 -0.7736877  2.4784640754E+33  5.8294678023E+10  2.2576405237E+34  3.5100585540E+08  6.6722526156E+00  6.135266E-01  3.952992E-01  2.181747E-01  0.000000E+00  1.661780E+00  6.582083E+14  4.334852E-01  2.469917E-06
  232 13.7716172  6.4547030 -0.8147982  2.4853391491E+33  5.9281011575E+10  2.2576336795E+34  3.5123789657E+08  6.8572230020E+00  6.133689E-01  3.952360E-01  2.202992E-01  0.000000E+00  1.661643E+00  6.411403E+14  4.408197E-01  1.822171E-06
  233 13.7159678  6.4423811 -0.8582682  2.4922142228E+33  6.0331592989E+10  2.2576270592E+34  3.5136969018E+08  7.0500412087E+00  6.131972E-01  3.952113E-01  2.225837E-01  0.000000E+00  1.661577E+00  6.233850E+14  4.486319E-01  1.315954E-06
  234 13.6567003  6.4291189 -0.9044137  2.4990892965E+33  6.1455274187E+10  2.2576206726E+34  3.5165595916E+08  7.2505490424E+00  6.130456E-01  3.951230E-01  2.250382E-01  0.000000E+00  1.661454E+00  6.047869E+14  4.569877E-01  9.276884E-07
  235 13.5932521  6.4147648 -0.9537106  2.5059643702E+33  6.2663003824E+10  2.2576145293E+34  3.5198621829E+08  7.4555826008E+00  6.128184E-01  3.950381E-01  2.275836E-01  0.000000E+00  1.661332E+00  5.853547E+14  4.659685E-01  6.363864E-07
  236 13.5419620  6.4032526 -0.9937591  2.5111206755E+33  6.3622459123E+10  2.2576100630E+34  3.5222227223E+08  7.5971920561E+00  6.124665E-01  3.950138E-01  2.286532E-01  0.000000E+00  1.661295E+00  5.703848E+14  4.731032E-01  4.702982E-07
  237 13.5063577  6.3950865 -1.0211523  2.5145582124E+33  6.4302864796E+10  2.2576071816E+34  3.5221295917E+08  7.7052794695E+00  6.125208E-01  3.949940E-01  2.300268E-01  0.000000E+00  1.661260E+00  5.596900E+14  4.781627E-01  3.798135E-07
  238 13.4692321  6.3865311 -1.0498552  2.5179957492E+33  6.5013211544E+10  2.2576043634E+34  3.5248765673E+08  7.7988827444E+00  6.123304E-01  3.949152E-01  2.309534E-01  0.000000E+00  1.661130E+00  5.488971E+14  4.834449E-01  3.042132E-07
  239 13.4304342  6.3775546 -1.0797756  2.5214332861E+33  6.5756370090E+10  2.2576016077E+34  3.5268643269E+08  7.8928844106E+00  6.122086E-01  3.948564E-01  2.318691E-01  0.000000E+00  1.661024E+00  5.377565E+14  4.889711E-01  2.411869E-07
  240 13.3897889  6.3681157 -1.1111079  2.5248708230E+33  6.6535621562E+10  2.2575989149E+34  3.5284465726E+08  7.9846890943E+00  6.120614E-01  3.948231E-01  2.326930E-01  0.000000E+00  1.660949E+00  5.263239E+14  4.947657E-01  1.892012E-07
  241 13.3470911  6.3581665 -1.1439967  2.5283083598E+33  6.7354793889E+10  2.2575962855E+34  3.5293309630E+08  8.0750521969E+00  6.118975E-01  3.948204E-01  2.334416E-01  0.000000E+00  1.660903E+00  5.145554E+14  5.008572E-01  1.467183E-07
  242 13.3020988  6.3476503 -1.1786066  2.5317458967E+33  6.8218364569E+10  2.2575937199E+34  3.5308380759E+08  8.1646111125E+00  6.117287E-01  3.947839E-01  2.341263E-01  0.000000E+00  1.660808E+00  5.023714E+14  5.072788E-01  1.123441E-07
  243 13.2545233  6.3365007 -1.2151780  2.5351834335E+33  6.9131659574E+10  2.2575912182E+34  3.5341392603E+08  8.2524826693E+00  6.115125E-01  3.946739E-01  2.347106E-01  0.000000E+00  1.660637E+00  4.897516E+14  5.140701E-01  8.484506E-08
  244 13.2040160  6.3246385 -1.2540007  2.5386209704E+33  7.0101099935E+10  2.2575887805E+34  3.5369125159E+08  8.3379415730E+00  6.112500E-01  3.945975E-01  2.351579E-01  0.000000E+00  1.660501E+00  4.767117E+14  5.212790E-01  6.310818E-08
  245 13.1501512  6.3119682 -1.2953953  2.5420585073E+33  7.1134496306E+10  2.2575864071E+34  3.5387232760E+08  8.4213526665E+00  6.109835E-01  3.945692E-01  2.354564E-01  0.000000E+00  1.660413E+00  4.631937E+14  5.289634E-01  4.614167E-08
  246 13.0924008  6.2983734 -1.3397766  2.5454960441E+33  7.2241518556E+10  2.2575840984E+34  3.5401277653E+08  8.5032274780E+00  6.107130E-01  3.945606E-01  2.355885E-01  0.000000E+00  1.660362E+00  4.491384E+14  5.371954E-01  3.309369E-08
  247 13.0300987  6.2837067 -1.3876986  2.5489335810E+33  7.3434346805E+10  2.2575818550E+34  3.5453953606E+08  8.5847480525E+00  6.103361E-01  3.944041E-01  2.355462E-01  0.000000E+00  1.660143E+00  4.344529E+14  5.460654E-01  2.322382E-08
  248 12.9794169  6.2719690 -1.4270128  2.5515117336E+33  7.4384295318E+10  2.2575802094E+34  3.5499351298E+08  8.6267404389E+00  6.098443E-01  3.943118E-01  2.344362E-01  0.000000E+00  1.659986E+00  4.231889E+14  5.531293E-01  1.751746E-08
  249 12.9439686  6.2636567 -1.4541336  2.5532305021E+33  7.5060150863E+10  2.2575791374E+34  3.5503097743E+08  8.6822577832E+00  6.098870E-01  3.942783E-01  2.345952E-01  0.000000E+00  1.659902E+00  4.151303E+14  5.581550E-01  1.435927E-08
  250 12.9067994  6.2549480 -1.4828516  2.5549492705E+33  7.5767826538E+10  2.2575780821E+34  3.5522259691E+08  8.7217064323E+00  6.095520E-01  3.942695E-01  2.342398E-01  0.000000E+00  1.659838E+00  4.071146E+14  5.634174E-01  1.168829E-08
  251 12.8677184  6.2458045 -1.5129856  2.5566680389E+33  7.6510773914E+10  2.2575770439E+34  3.5528982371E+08  8.7660231138E+00  6.092915E-01  3.942878E-01  2.339175E-01  0.000000E+00  1.659821E+00  3.988091E+14  5.689420E-01  9.420922E-09
  252 12.8306467  6.2371778 -1.5416661  2.5582149305E+33  7.7211011296E+10  2.2575761233E+34  3.5559416141E+08  8.8020430147E+00  6.089585E-01  3.942289E-01  2.333543E-01  0.000000E+00  1.659730E+00  3.911563E+14  5.741490E-01  7.691657E-09
  253 12.7961456  6.2291381 -1.5682954  2.5595899452E+33  7.7864560575E+10  2.2575753173E+34  3.5591692128E+08  8.8407320643E+00  6.087214E-01  3.941426E-01  2.329941E-01  0.000000E+00  1.659603E+00  3.841009E+14  5.790089E-01  6.369240E-09
  254 12.7599647  6.2207268 -1.5963416  2.5609649600E+33  7.8548793404E+10  2.2575745224E+34  3.5630748535E+08  8.8739841572E+00  6.083443E-01  3.940592E-01  2.323840E-01  0.000000E+00  1.659462E+00  3.769411E+14  5.840969E-01  5.232275E-09
  255 12.7219183  6.2119081 -1.6258834  2.5623399747E+33  7.9267042427E+10  2.2575737387E+34  3.5669526936E+08  8.9075227355E+00  6.079210E-01  3.939859E-01  2.316538E-01  0.000000E+00  1.659324E+00  3.696008E+14  5.894379E-01  4.257538E-09
  256 12.6817880  6.2026382 -1.6570892  2.5637149895E+33  8.0023185630E+10  2.2575729662E+34  3.5704974636E+08  8.9431581176E+00  6.074567E-01  3.939320E-01  2.308287E-01  0.000000E+00  1.659221E+00  3.620607E+14  5.950606E-01  3.426700E-09
  257 12.6393138  6.1928592 -1.6901676  2.5650900042E+33  8.0821822133E+10  2.2575722056E+34  3.5735627261E+08  8.9910741252E+00  6.069425E-01  3.939032E-01  2.301543E-01  0.000000E+00  1.659168E+00  3.543004E+14  6.009994E-01  2.723413E-09
  258 12.5941835  6.1824992 -1.7253730  2.5664650190E+33  8.1668455142E+10  2.2575714578E+34  3.5759114260E+08  9.0472754874E+00  6.063709E-01  3.939116E-01  2.295102E-01  0.000000E+00  1.659160E+00  3.462938E+14  6.072950E-01  2.132864E-09
  259 12.5460166  6.1714750 -1.7629812  2.5678400337E+33  8.2569731567E+10  2.2575707235E+34  3.5792554679E+08  9.1105540199E+00  6.057714E-01  3.938956E-01  2.288369E-01  0.000000E+00  1.659098E+00  3.379634E+14  6.139970E-01  1.641588E-09
  260 12.4943435  6.1596869 -1.8033661  2.5692150484E+33  8.3533820822E+10  2.2575700033E+34  3.5852993632E+08  9.1814143028E+00  6.051145E-01  3.937990E-01  2.281065E-01  0.000000E+00  1.658922E+00  3.292574E+14  6.211661E-01  1.237744E-09
  261 12.4385750  6.1470106 -1.8470473  2.5705900632E+33  8.4570954608E+10  2.2575692978E+34  3.5911416798E+08  9.2593724625E+00  6.043335E-01  3.937332E-01  2.272553E-01  0.000000E+00  1.658790E+00  3.201944E+14  6.288783E-01  9.102503E-10
  262 12.3933006  6.1368955 -1.8828573  2.5716213242E+33  8.5395693859E+10  2.2575687773E+34  3.5961524283E+08  9.3031164622E+00  6.034690E-01  3.937106E-01  2.257214E-01  0.000000E+00  1.658732E+00  3.132810E+14  6.350112E-01  7.097655E-10
  263 12.3615813  6.1297427 -1.9075913  2.5723088316E+33  8.5981425166E+10  2.2575684365E+34  3.5969984723E+08  9.3679507047E+00  6.032624E-01  3.937054E-01  2.256132E-01  0.000000E+00  1.658704E+00  3.082773E+14  6.393667E-01  5.938874E-10
  264 12.3283295  6.1222592 -1.9337847  2.5729963390E+33  8.6594000358E+10  2.2575680998E+34  3.6023386278E+08  9.4162964870E+00  6.026908E-01  3.936102E-01  2.249914E-01  0.000000E+00  1.658556E+00  3.032804E+14  6.439219E-01  4.923894E-10
  265 12.2933800  6.1144109 -1.9612032  2.5736838464E+33  8.7236205559E+10  2.2575677676E+34  3.6064286168E+08  9.4785806534E+00  6.022777E-01  3.935333E-01  2.245725E-01  0.000000E+00  1.658431E+00  2.980442E+14  6.486974E-01  4.033946E-10
  266 12.2565391  6.1061558 -1.9901796  2.5743713537E+33  8.7911278926E+10  2.2575674398E+34  3.6107122611E+08  9.5434612380E+00  6.017707E-01  3.934738E-01  2.240695E-01  0.000000E+00  1.658327E+00  2.926773E+14  6.537173E-01  3.263930E-10
  267 12.2175776  6.0974436 -2.0208388  2.5750588611E+33  8.8623068624E+10  2.2575671170E+34  3.6147403852E+08  9.6194278105E+00  6.012361E-01  3.934291E-01  2.236646E-01  0.000000E+00  1.658236E+00  2.871196E+14  6.590103E-01  2.602538E-10
  268 12.1762211  6.0882092 -2.0534120  2.5757463685E+33  8.9376133297E+10  2.2575667994E+34  3.6182422567E+08  9.7118780634E+00  6.006420E-01  3.934134E-01  2.234687E-01  0.000000E+00  1.658176E+00  2.813610E+14  6.646101E-01  2.040358E-10
  269 12.1321375  6.0783746 -2.0881492  2.5764338759E+33  9.0175944519E+10  2.2575664876E+34  3.6212154623E+08  9.8143361341E+00  5.999935E-01  3.934249E-01  2.233125E-01  0.000000E+00  1.658156E+00  2.753672E+14  6.705576E-01  1.568112E-10
  270 12.0849197  6.0678487 -2.1253585  2.5771213832E+33  9.1029157033E+10  2.2575661818E+34  3.6276058954E+08  9.9282307725E+00  5.993085E-01  3.933145E-01  2.231998E-01  0.000000E+00  1.657989E+00  2.690667E+14  6.769022E-01  1.177231E-10
  271 12.0340604  6.0565194 -2.1654677  2.5778088906E+33  9.1944038691E+10  2.2575658825E+34  3.6336199247E+08  1.0053420572E+01  5.985572E-01  3.932340E-01  2.230889E-01  0.000000E+00  1.657845E+00  2.624653E+14  6.837053E-01  8.595831E-11
  272 11.9789168  6.0442454 -2.2090206  2.5784963980E+33  9.2931024366E+10  2.2575655901E+34  3.6390683275E+08  1.0189534897E+01  5.976817E-01  3.932022E-01  2.229230E-01  0.000000E+00  1.657740E+00  2.555370E+14  6.910447E-01  6.072065E-11
  273 11.9339821  6.0343918 -2.2448489  2.5790120285E+33  9.3717717498E+10  2.2575653748E+34  3.6464938856E+08  1.0274376492E+01  5.967130E-01  3.931220E-01  2.218956E-01  0.000000E+00  1.657601E+00  2.502136E+14  6.968946E-01  4.565406E-11
  274 11.9023600  6.0273755 -2.2696473  2.5793557822E+33  9.4277918646E+10  2.2575652341E+34  3.6493299481E+08  1.0378178855E+01  5.964860E-01  3.930585E-01  2.222797E-01  0.000000E+00  1.657503E+00  2.462985E+14  7.010603E-01  3.711735E-11
  275 11.8691008  6.0199994 -2.2960808  2.5796995359E+33  9.4865040192E+10  2.2575650954E+34  3.6548930470E+08  1.0450901528E+01  5.957690E-01  3.929946E-01  2.218807E-01  0.000000E+00  1.657394E+00  2.424418E+14  7.054262E-01  2.983622E-11
  276 11.8340167  6.0122245 -2.3237404  2.5800432896E+33  9.5482003825E+10  2.2575649588E+34  3.6582922603E+08  1.0547595863E+01  5.953286E-01  3.929502E-01  2.218590E-01  0.000000E+00  1.657300E+00  2.383188E+14  7.100140E-01  2.356818E-11
  277 11.7968855  6.0040034 -2.3531328  2.5803870432E+33  9.6132247411E+10  2.2575648243E+34  3.6618685124E+08  1.0639475943E+01  5.947122E-01  3.929322E-01  2.215842E-01  0.000000E+00  1.657227E+00  2.340994E+14  7.148493E-01  1.831161E-11
  278 11.7574411  5.9952912 -2.3843537  2.5807307969E+33  9.6819915225E+10  2.2575646918E+34  3.6665555661E+08  1.0718152321E+01  5.940689E-01  3.928837E-01  2.208438E-01  0.000000E+00  1.657141E+00  2.296964E+14  7.199629E-01  1.395146E-11
  279 11.7153614  5.9860409 -2.4177321  2.5810745506E+33  9.7549999620E+10  2.2575645611E+34  3.6729571795E+08  1.0783625030E+01  5.933337E-01  3.927993E-01  2.195805E-01  0.000000E+00  1.657036E+00  2.251259E+14  7.253918E-01  1.039708E-11
  280 11.6702511  5.9761865 -2.4535902  2.5814183043E+33  9.8328628853E+10  2.2575644323E+34  3.6792247792E+08  1.0856257449E+01  5.925427E-01  3.927332E-01  2.181517E-01  0.000000E+00  1.656955E+00  2.203698E+14  7.311818E-01  7.551262E-12
  281 11.6216179  5.9656365 -2.4923261  2.5817620580E+33  9.9163410947E+10  2.2575643053E+34  3.6850295362E+08  1.0941929621E+01  5.917030E-01  3.926923E-01  2.166114E-01  0.000000E+00  1.656899E+00  2.153973E+14  7.373893E-01  5.320481E-12
  282 11.5688378  5.9542720 -2.5344661  2.5821058117E+33  1.0006397047E+11  2.2575641804E+34  3.6899387133E+08  1.1048060403E+01  5.907851E-01  3.926893E-01  2.150272E-01  0.000000E+00  1.656849E+00  2.101777E+14  7.440860E-01  3.616019E-12
  283 11.5111030  5.9419137 -2.5806663  2.5824495654E+33  1.0104266347E+11  2.2575640579E+34  3.6999018851E+08  1.1215694240E+01  5.897360E-01  3.925596E-01  2.141284E-01  0.000000E+00  1.656672E+00  2.046472E+14  7.513636E-01  2.351922E-12
  284 11.4636495  5.9319334 -2.6190427  2.5827073806E+33  1.0182768391E+11  2.2575639677E+34  3.7092146457E+08  1.1352526711E+01  5.885804E-01  3.924775E-01  2.129928E-01  0.000000E+00  1.656612E+00  2.004071E+14  7.572011E-01  1.647055E-12
  285 11.4299897  5.9247586 -2.6457481  2.5828792575E+33  1.0239083066E+11  2.2575639088E+34  3.7119985335E+08  1.1525682356E+01  5.883288E-01  3.924429E-01  2.137712E-01  0.000000E+00  1.656598E+00  1.972218E+14  7.613888E-01  1.267519E-12
  286 11.3943470  5.9171491 -2.6744372  2.5830511343E+33  1.0298441129E+11  2.2575638510E+34  3.7172335424E+08  1.1672530000E+01  5.874951E-01  3.924392E-01  2.139016E-01  0.000000E+00  1.656602E+00  1.940896E+14  7.658027E-01  9.587494E-13
  287 11.3564635  5.9090386 -2.7046307  2.5832230111E+33  1.0361213630E+11  2.2575637943E+34  3.7198307008E+08  1.1872001880E+01  5.869864E-01  3.924640E-01  2.148337E-01  0.000000E+00  1.656609E+00  1.906839E+14  7.704705E-01  7.079980E-13
  288 11.3160266  5.9003411 -2.7369396  2.5833948880E+33  1.0427843524E+11  2.2575637388E+34  3.7243066514E+08  1.2092199125E+01  5.862687E-01  3.924562E-01  2.159774E-01  0.000000E+00  1.656586E+00  1.871459E+14  7.754252E-01  5.090562E-13
  289 11.2726527  5.8909528 -2.7715177  2.5835667648E+33  1.0498875514E+11  2.2575636848E+34  3.7322668048E+08  1.2345343613E+01  5.855027E-01  3.923304E-01  2.175486E-01  0.000000E+00  1.656439E+00  1.833775E+14  7.807072E-01  3.542725E-13
  290 11.2258636  5.8807377 -2.8088235  2.5837386417E+33  1.0574980388E+11  2.2575636323E+34  3.7405546489E+08  1.2643617509E+01  5.845511E-01  3.922387E-01  2.197694E-01  0.000000E+00  1.656344E+00  1.794063E+14  7.863664E-01  2.373103E-13
  291 11.1750526  5.8695083 -2.8492484  2.5839105185E+33  1.0656990986E+11  2.2575635816E+34  3.7484534669E+08  1.3003643660E+01  5.834546E-01  3.922015E-01  2.229659E-01  0.000000E+00  1.656323E+00  1.751645E+14  7.924648E-01  1.515267E-13
  292 11.1194330  5.8570288 -2.8932632  2.5840823954E+33  1.0745999255E+11  2.2575635330E+34  3.7543891200E+08  1.3442702046E+01  5.823265E-01  3.922518E-01  2.274728E-01  0.000000E+00  1.656415E+00  1.705553E+14  7.990836E-01  9.099277E-14
  293 11.0737266  5.8469276 -2.9306599  2.5842113030E+33  1.0817543893E+11  2.2575634977E+34  3.7654512333E+08  1.3662750860E+01  5.799895E-01  3.923573E-01  2.283798E-01  0.000000E+00  1.656556E+00  1.673373E+14  8.044037E-01  5.987276E-14
  294 11.0412747  5.8398766 -2.9639148  2.5842972414E+33  1.0869300831E+11  2.2575634751E+34  3.8252784802E+08  1.2938140864E+01  5.696623E-01  3.923139E-01  2.141556E-01  0.000000E+00  1.656485E+00  1.676397E+14  8.082524E-01  4.579228E-14
  295 11.0069070  5.8324749 -2.9905276  2.5843831798E+33  1.0923976709E+11  2.2575634532E+34  3.8261018400E+08  1.3234099625E+01  5.701714E-01  3.921883E-01  2.166589E-01  0.000000E+00  1.656328E+00  1.646573E+14  8.123182E-01  3.300196E-14
  296 10.9703757  5.8245415 -3.0196633  2.5844691183E+33  1.0981711850E+11  2.2575634322E+34  3.8333589658E+08  1.3483985047E+01  5.695217E-01  3.920742E-01  2.183173E-01  0.000000E+00  1.656213E+00  1.618658E+14  8.166114E-01  2.322504E-14
  297 10.9313795  5.8159922 -3.0506163  2.5845550567E+33  1.1042917359E+11  2.2575634122E+34  3.8396459377E+08  1.3781663354E+01  5.689140E-01  3.919892E-01  2.206776E-01  0.000000E+00  1.656131E+00  1.588878E+14  8.211627E-01  1.581577E-14
  298 10.8895488  5.8067065 -3.0836396  2.5846409951E+33  1.1108054184E+11  2.2575633935E+34  3.8446823019E+08  1.4127328492E+01  5.683377E-01  3.919437E-01  2.237763E-01  0.000000E+00  1.656091E+00  1.556943E+14  8.260063E-01  1.034911E-14
  299 10.8444225  5.7965221 -3.1190304  2.5847269335E+33  1.1177679209E+11  2.2575633763E+34  3.8479014483E+08  1.4536922885E+01  5.677925E-01  3.919569E-01  2.279414E-01  0.000000E+00  1.656120E+00  1.522456E+14  8.311837E-01  6.446630E-15
  300 10.7954156  5.7852220 -3.1570747  2.5848128719E+33  1.1252498595E+11  2.2575633609E+34  3.8476941661E+08  1.5050045827E+01  5.673936E-01  3.920613E-01  2.339203E-01  0.000000E+00  1.656267E+00  1.484638E+14  8.367474E-01  3.773923E-15
  301 10.7417695  5.7725311 -3.1988602  2.5848988104E+33  1.1333452032E+11  2.2575633479E+34  3.8519134964E+08  1.5609894665E+01  5.663451E-01  3.921305E-01  2.410090E-01  0.000000E+00  1.656343E+00  1.444707E+14  8.427672E-01  2.048338E-15
  302 10.6977131  5.7620190 -3.2337363  2.5849632642E+33  1.1398138273E+11  2.2575633398E+34  3.8632609549E+08  1.5977352705E+01  5.646297E-01  3.920814E-01  2.455382E-01  0.000000E+00  1.656275E+00  1.414431E+14  8.475773E-01  1.223540E-15
  303 10.6664098  5.7542157 -3.2572247  2.5850062334E+33  1.1444282621E+11  2.2575633356E+34  3.8632151421E+08  1.6448065577E+01  5.646435E-01  3.920925E-01  2.527155E-01  0.000000E+00  1.656316E+00  1.389242E+14  8.510086E-01  8.270909E-16
  304 10.6500053  5.7501281 -3.2695400  2.5850277180E+33  1.1467885506E+11  2.2575633338E+34  3.8626034373E+08  1.6696022796E+01  5.646449E-01  3.921210E-01  2.564909E-01  0.000000E+00  1.656366E+00  1.376264E+14  8.527638E-01  6.729438E-16
    0  0.0000000  0.0000000  0.0000000  0.0000000000E+00  0.0000000000E+00  0.0000000000E+00  0.0000000000E+00  0.0000000000E+00  0.000000E+00  0.000000E+00  0.000000E+00  0.000000E+00  0.000000E+00  0.000000E+00  0.000000E+00  0.000000E+00
