#MESH      LOG P      LOG T    LOG RHO             MASSA            RAGGIO        LUMINOSITA                CP           OPACITA          PMOL     GR.ADIAB.   GR.RADIADT.     GR.SUPAD.         Gam.1          Cs^2        R/Rtot        EPSnuc
    1 19.1225913  7.3976293  3.8131868  2.7500294872E+26  1.4984660497E+07  1.0902804712E+26  1.0895488439E+08  1.5129847447E+00  1.338555E+00  3.916903E-01  8.051952E-02  0.000000E+00  1.668082E+00  3.401120E+15  8.539524E-05  1.863690E-32
    2 19.1222803  7.3976042  3.8129491  9.6251032053E+26  3.4269243145E+07  3.8163637351E+26  1.0896865557E+08  1.5129598828E+00  1.338555E+00  3.916912E-01  8.048716E-02  0.000000E+00  1.668082E+00  3.400545E+15  1.952951E-04  2.014663E-32
    3 19.1221586  7.3975944  3.8128562  2.0625221154E+27  4.3100677017E+07  8.1787535662E+26  1.0897404126E+08  1.5136510902E+00  1.338555E+00  3.916915E-01  8.051682E-02  0.000000E+00  1.668082E+00  3.400320E+15  2.456240E-04  2.568944E-32
    4 19.1219666  7.3975790  3.8127095  4.1250442309E+27  5.3513356533E+07  1.6359300924E+27  1.0898254315E+08  1.5134443557E+00  1.338555E+00  3.916920E-01  8.049053E-02  0.000000E+00  1.668082E+00  3.399965E+15  3.049643E-04  2.236708E-32
    5 19.1217452  7.3975612  3.8125404  6.8750737181E+27  6.3564451453E+07  2.7268128201E+27  1.0899234867E+08  1.5132021256E+00  1.338555E+00  3.916926E-01  8.045758E-02  0.000000E+00  1.668082E+00  3.399556E+15  3.622439E-04  2.286655E-32
    6 19.1214675  7.3975388  3.8123283  1.1000117949E+28  7.3906493449E+07  4.3635003714E+27  1.0900465107E+08  1.5131368940E+00  1.338555E+00  3.916933E-01  8.043028E-02  0.000000E+00  1.668082E+00  3.399043E+15  4.211816E-04  2.372645E-32
    7 19.1209202  7.3974948  3.8119102  2.0625221154E+28  9.0401590669E+07  8.1838244581E+27  1.0902891034E+08  1.5130100524E+00  1.338555E+00  3.916948E-01  8.037702E-02  0.000000E+00  1.668082E+00  3.398032E+15  5.151846E-04  2.424829E-32
    8 19.1199575  7.3974175  3.8111748  4.1250442309E+28  1.1377999290E+08  1.6375138567E+28  1.0907160578E+08  1.5128092072E+00  1.338555E+00  3.916973E-01  8.028226E-02  0.000000E+00  1.668083E+00  3.396254E+15  6.484144E-04  2.653112E-32
    9 19.1188803  7.3973311  3.8103521  6.8750737181E+28  1.3599172281E+08  2.7303935744E+28  1.0911943089E+08  1.5126097904E+00  1.338555E+00  3.917002E-01  8.017193E-02  0.000000E+00  1.668083E+00  3.394266E+15  7.749956E-04  3.201358E-32
   10 19.1175555  7.3972249  3.8093402  1.1000117949E+29  1.5863698942E+08  4.3714620171E+28  1.0917831284E+08  1.5124818781E+00  1.338555E+00  3.917037E-01  8.005102E-02  0.000000E+00  1.668083E+00  3.391822E+15  9.040475E-04  3.816859E-32
   11 19.1149686  7.3970181  3.8073646  2.0625221154E+29  1.9463094938E+08  8.2071971444E+28  1.0929349605E+08  1.5122124706E+00  1.338555E+00  3.917106E-01  7.981729E-02  0.000000E+00  1.668084E+00  3.387053E+15  1.109171E-03  4.997413E-32
   12 19.1104376  7.3966572  3.8039048  4.1250442309E+29  2.4562338081E+08  1.6449793344E+29  1.0949592405E+08  1.5117086279E+00  1.338555E+00  3.917227E-01  7.939631E-02  0.000000E+00  1.668086E+00  3.378711E+15  1.399769E-03  8.831771E-32
   13 19.1053623  7.3962556  3.8000301  6.8750737181E+29  2.9415201078E+08  2.7473209962E+29  1.0972375741E+08  1.5110969316E+00  1.338555E+00  3.917362E-01  7.889615E-02  0.000000E+00  1.668087E+00  3.369388E+15  1.676326E-03  2.239008E-31
   14 19.0991164  7.3957642  3.7952536  1.1000117949E+30  3.4385068186E+08  4.4091072904E+29  1.1000421977E+08  1.5103302889E+00  1.338555E+00  3.917537E-01  7.832065E-02  0.000000E+00  1.668091E+00  3.358014E+15  1.959551E-03  4.959838E-31
   15 19.0868775  7.3948107  3.7857909  2.0625221154E+30  4.2346933178E+08  8.3178074738E+29  1.1054289382E+08  1.5084827341E+00  1.338555E+00  3.917978E-01  7.719281E-02  0.000000E+00  1.668108E+00  3.336652E+15  2.413286E-03  1.836399E-30
   16 19.0652172  7.3931577  3.7690549  4.1250442309E+30  5.3781446206E+08  1.6805229216E+30  1.1151187692E+08  1.5044370411E+00  1.338555E+00  3.918748E-01  7.512210E-02  0.000000E+00  1.668138E+00  3.299091E+15  3.064921E-03  2.603983E-29
   17 19.0300878  7.3905712  3.7417369  8.2500884617E+30  6.8638688298E+08  3.4160758458E+30  1.1309198310E+08  1.4957021129E+00  1.338555E+00  3.920070E-01  7.169823E-02  0.000000E+00  1.668204E+00  3.240410E+15  3.911612E-03  1.539705E-27
   18 18.9903542  7.3878087  3.7105871  1.3578270593E+31  8.2874187319E+08  5.7073553700E+30  1.1489750358E+08  1.4851636202E+00  1.338555E+00  3.921611E-01  6.765124E-02  0.000000E+00  1.668282E+00  3.177142E+15  4.722871E-03  6.641582E-25
   19 18.9467784  7.3849509  3.6760862  2.0453344311E+31  9.6441417952E+08  8.7632092288E+30  1.1687902540E+08  1.4668654687E+00  1.338555E+00  3.923116E-01  6.324923E-02  0.000000E+00  1.668327E+00  3.111525E+15  5.496046E-03  6.470747E-23
   20 18.8984366  7.3820202  3.6373401  2.8531555930E+31  1.0993115898E+09  1.2448269257E+31  1.1908235702E+08  1.4433360836E+00  1.338555E+00  3.924941E-01  5.825034E-02  0.000000E+00  1.668347E+00  3.043567E+15  6.264805E-03  2.535482E-20
   21 18.8562538  7.3796513  3.6031157  3.6094137020E+31  1.2081188440E+09  1.6001306127E+31  1.2100216752E+08  1.4241494386E+00  1.338555E+00  3.926685E-01  5.416446E-02  0.000000E+00  1.668344E+00  2.988297E+15  6.884881E-03  3.907032E-19
   22 18.8038723  7.3769412  3.5601444  4.6062993911E+31  1.3355410428E+09  2.0833828068E+31  1.2337544907E+08  1.3954451995E+00  1.338555E+00  3.928614E-01  4.920719E-02  0.000000E+00  1.668287E+00  2.924142E+15  7.611040E-03  5.781529E-17
   23 18.7429467  7.3741221  3.5094048  5.7750619232E+31  1.4738951711E+09  2.6648462186E+31  1.2608678038E+08  1.3557317727E+00  1.338555E+00  3.930863E-01  4.350498E-02  0.000000E+00  1.668201E+00  2.856211E+15  8.399499E-03  1.112880E-14
   24 18.6879351  7.3718663  3.4629057  6.8578860338E+31  1.5937376948E+09  3.2191282998E+31  1.2847925747E+08  1.3148401716E+00  1.338555E+00  3.933045E-01  3.860845E-02  0.000000E+00  1.668124E+00  2.800643E+15  9.082462E-03  1.980748E-13
   25 18.6352470  7.3699507  3.4177738  7.9063347758E+31  1.7051618263E+09  3.7678891101E+31  1.3071026538E+08  1.2719690660E+00  1.338555E+00  3.935063E-01  3.418496E-02  0.000000E+00  1.668010E+00  2.752149E+15  9.717451E-03  1.320713E-12
   26 18.5837096  7.3682949  3.3730645  8.9375958335E+31  1.8120251314E+09  4.3174761286E+31  1.3282492993E+08  1.2271881902E+00  1.338555E+00  3.936982E-01  3.014686E-02  0.000000E+00  1.667858E+00  2.708970E+15  1.032645E-02  8.337218E-12
   27 18.5380936  7.3669953  3.3330444  9.8442461801E+31  1.9047928137E+09  4.8067475967E+31  1.3463727872E+08  1.1856896026E+00  1.338555E+00  3.938653E-01  2.682524E-02  0.000000E+00  1.667708E+00  2.674048E+15  1.085512E-02  6.088302E-11
   28 18.4989396  7.3659975  3.2983870  1.0626285816E+32  1.9843778307E+09  5.2327602491E+31  1.3614826571E+08  1.1495473400E+00  1.338555E+00  3.940038E-01  2.418897E-02  0.000000E+00  1.667573E+00  2.646291E+15  1.130866E-02  1.595630E-10
   29 18.4588213  7.3650787  3.2625064  1.1425513135E+32  2.0657223525E+09  5.6704806707E+31  1.3761478291E+08  1.1110300167E+00  1.338555E+00  3.941431E-01  2.166546E-02  0.000000E+00  1.667434E+00  2.620375E+15  1.177223E-02  1.290241E-08
   30 18.4176014  7.3642354  3.2253337  1.2241928139E+32  2.1491748861E+09  6.1187817361E+31  1.3906041369E+08  1.0723487208E+00  1.338555E+00  3.942825E-01  1.930200E-02  0.000000E+00  1.667283E+00  2.595834E+15  1.224781E-02  3.650824E-08
   31 18.3776008  7.3635067  3.1889814  1.3028264696E+32  2.2301874613E+09  6.5504776996E+31  1.4040474085E+08  1.0324716957E+00  1.338555E+00  3.944116E-01  1.716445E-02  0.000000E+00  1.667124E+00  2.573874E+15  1.270949E-02  2.398489E-06
   32 18.3389460  7.3628787  3.1536070  1.3784522805E+32  2.3089672335E+09  6.9643601062E+31  1.4164899749E+08  9.9695812935E-01  1.338555E+00  3.945311E-01  1.532460E-02  0.000000E+00  1.666961E+00  2.554257E+15  1.315844E-02  3.379563E-06
   33 18.3000269  7.3623140  3.1177558  1.4540780914E+32  2.3888020600E+09  7.3757965963E+31  1.4284381466E+08  9.6517177448E-01  1.338555E+00  3.946480E-01  1.368952E-02  0.000000E+00  1.666794E+00  2.536022E+15  1.361341E-02  5.715371E-05
   34 18.2608252  7.3618076  3.0813573  1.5297039023E+32  2.4699090442E+09  7.7837653352E+31  1.4395962339E+08  9.3149973766E-01  1.338555E+00  3.947603E-01  1.216610E-02  0.000000E+00  1.666635E+00  2.519465E+15  1.407563E-02  7.380026E-05
   35 18.2196055  7.3613342  3.0428619  1.6087672500E+32  2.5563199426E+09  8.2064166565E+31  1.4507317683E+08  9.0269135261E-01  1.338555E+00  3.948721E-01  1.079592E-02  0.000000E+00  1.666470E+00  2.503463E+15  1.456807E-02  1.208947E-03
   36 18.1796363  7.3609244  3.0053250  1.6843930609E+32  2.6405855948E+09  8.6067151835E+31  1.4609170473E+08  8.8155081152E-01  1.338555E+00  3.949700E-01  9.668774E-03  0.000000E+00  1.666301E+00  2.489228E+15  1.504829E-02  6.447833E-03
   37 18.1431632  7.3605899  2.9709100  1.7531437981E+32  2.7189067494E+09  8.9720629612E+31  1.4697369958E+08  8.5773975990E-01  1.338555E+00  3.950493E-01  8.690114E-03  0.000000E+00  1.666133E+00  2.477210E+15  1.549463E-02  6.128324E-03
   38 18.1029075  7.3602597  2.9327330  1.8287696090E+32  2.8071114174E+09  9.4062652640E+31  1.4788720756E+08  8.3183912622E-01  1.338552E+00  3.951229E-01  7.743866E-03  0.000000E+00  1.665933E+00  2.465086E+15  1.599729E-02  4.522873E-02
   39 18.0584738  7.3599342  2.8903662  1.9112704936E+32  2.9057899318E+09  1.0015268063E+32  1.4882280557E+08  8.0533237714E-01  1.338544E+00  3.951866E-01  6.915828E-03  0.000000E+00  1.665705E+00  2.453046E+15  1.655964E-02  1.524946E-01
   40 18.0066155  7.3595873  2.8406885  2.0075215257E+32  3.0248678799E+09  1.1410011759E+32  1.4984419670E+08  7.7566098108E-01  1.338510E+00  3.952410E-01  6.432145E-03  0.000000E+00  1.665438E+00  2.440369E+15  1.723825E-02  5.488446E-01
   41 17.9534481  7.3592432  2.7895008  2.1037725577E+32  3.1477074954E+09  1.4510789397E+32  1.5082688085E+08  7.4656552775E-01  1.338367E+00  3.952760E-01  6.668483E-03  0.000000E+00  1.665162E+00  2.428867E+15  1.793829E-02  1.995870E+00
   42 17.9042681  7.3588683  2.7419073  2.1931485161E+32  3.2665589636E+09  2.1995673873E+32  1.5171317119E+08  7.2087197558E-01  1.337882E+00  3.953011E-01  8.389065E-03  0.000000E+00  1.664881E+00  2.419602E+15  1.861561E-02  6.260980E+00
   43 17.8616834  7.3584842  2.7004403  2.2687743270E+32  3.3700257462E+09  3.2130258534E+32  1.5251310469E+08  6.9980815281E-01  1.336891E+00  3.953194E-01  1.046261E-02  0.000000E+00  1.664617E+00  2.413000E+15  1.920525E-02  1.373434E+01
   44 17.8422340  7.3582788  2.6814099  2.3031496956E+32  3.4181995837E+09  3.8464364590E+32  1.5291061458E+08  6.9102052773E-01  1.336156E+00  3.953248E-01  1.167180E-02  0.000000E+00  1.664494E+00  2.410496E+15  1.947979E-02  1.874697E+01
   45 17.8269653  7.3580800  2.6662978  2.3306499904E+32  3.4575707391E+09  4.6423053494E+32  1.5329923522E+08  6.8357691456E-01  1.335013E+00  3.953265E-01  1.331929E-02  0.000000E+00  1.664396E+00  2.409485E+15  1.970416E-02  2.640786E+01
   46 17.8114110  7.3578681  2.6509410  2.3581502853E+32  3.4971831558E+09  5.5294608618E+32  1.5368141986E+08  6.7673062549E-01  1.333940E+00  3.953285E-01  1.500573E-02  0.000000E+00  1.664298E+00  2.408246E+15  1.992990E-02  3.282914E+01
   47 17.8036891  7.3577483  2.6431689  2.3719004327E+32  3.5172398984E+09  6.0699137338E+32  1.5394833809E+08  6.7332575008E-01  1.332906E+00  3.953306E-01  1.602502E-02  0.000000E+00  1.664248E+00  2.408454E+15  2.004420E-02  3.920923E+01
   48 17.7959619  7.3576201  2.6355131  2.3856505802E+32  3.5374237556E+09  6.6764711572E+32  1.5415121701E+08  6.7013934206E-01  1.332258E+00  3.953290E-01  1.715450E-02  0.000000E+00  1.664199E+00  2.407987E+15  2.015923E-02  4.267161E+01
   49 17.7882294  7.3574827  2.6277341  2.3994007276E+32  3.5577362753E+09  7.3491154335E+32  1.5440749057E+08  6.6721741507E-01  1.331244E+00  3.953260E-01  1.838611E-02  0.000000E+00  1.664149E+00  2.408173E+15  2.027498E-02  4.837929E+01
   50 17.7804921  7.3573351  2.6200232  2.4131508750E+32  3.5781833514E+09  8.1138450680E+32  1.5463347760E+08  6.6415726632E-01  1.330424E+00  3.953229E-01  1.976315E-02  0.000000E+00  1.664100E+00  2.407955E+15  2.039151E-02  5.248020E+01
   51 17.7727503  7.3571761  2.6118650  2.4269010225E+32  3.5987711897E+09  8.9977279011E+32  1.5507515423E+08  6.6060766969E-01  1.328209E+00  3.953227E-01  2.132366E-02  0.000000E+00  1.664049E+00  2.410192E+15  2.050884E-02  6.490747E+01
   52 17.7650044  7.3570042  2.6040675  2.4406511699E+32  3.6194998068E+09  9.9922843159E+32  1.5534865406E+08  6.5770820750E-01  1.327080E+00  3.953206E-01  2.306596E-02  0.000000E+00  1.664001E+00  2.410407E+15  2.062696E-02  7.014643E+01
   53 17.7572547  7.3568182  2.5960564  2.4544013174E+32  3.6403690212E+09  1.1088230019E+33  1.5572785096E+08  6.5488426505E-01  1.325266E+00  3.953201E-01  2.493760E-02  0.000000E+00  1.663952E+00  2.411788E+15  2.074590E-02  7.905432E+01
   54 17.7495015  7.3566169  2.5881876  2.4681514648E+32  3.6613850310E+09  1.2308411268E+33  1.5604238698E+08  6.5215201631E-01  1.323862E+00  3.953185E-01  2.697767E-02  0.000000E+00  1.663905E+00  2.412361E+15  2.086566E-02  8.505228E+01
   55 17.7417454  7.3563990  2.5797802  2.4819016122E+32  3.6825548814E+09  1.3675977639E+33  1.5660486632E+08  6.4945347388E-01  1.320820E+00  3.953163E-01  2.921884E-02  0.000000E+00  1.663853E+00  2.415907E+15  2.098631E-02  9.964753E+01
   56 17.7339868  7.3561628  2.5717918  2.4956517597E+32  3.7038796815E+09  1.5184087627E+33  1.5697508184E+08  6.4690977381E-01  1.319017E+00  3.953120E-01  3.163555E-02  0.000000E+00  1.663804E+00  2.417115E+15  2.110783E-02  1.066532E+02
   57 17.7262261  7.3559073  2.5634931  2.5094019071E+32  3.7253600946E+09  1.6825337956E+33  1.5749850644E+08  6.4463389041E-01  1.316220E+00  3.953103E-01  3.420543E-02  0.000000E+00  1.663755E+00  2.420040E+15  2.123025E-02  1.183099E+02
   58 17.7184639  7.3556309  2.5554080  2.5231520545E+32  3.7470108080E+09  1.8650691685E+33  1.5792869837E+08  6.4234105555E-01  1.314022E+00  3.953078E-01  3.700402E-02  0.000000E+00  1.663708E+00  2.421771E+15  2.135363E-02  1.260300E+02
   59 17.7107008  7.3553316  2.5460884  2.5369022020E+32  3.7688477685E+09  2.0710943869E+33  1.5894629380E+08  6.3990256210E-01  1.308025E+00  3.953137E-01  4.010292E-02  0.000000E+00  1.663658E+00  2.430392E+15  2.147808E-02  1.512551E+02
   60 17.7029376  7.3550072  2.5378174  2.5506523494E+32  3.7908672142E+09  2.2973929991E+33  1.5948092083E+08  6.3786741704E-01  1.305142E+00  3.953140E-01  4.345250E-02  0.000000E+00  1.663612E+00  2.433170E+15  2.160356E-02  1.601740E+02
   61 17.6951748  7.3546561  2.5290468  2.5644024968E+32  3.8130648463E+09  2.5405599055E+33  1.6025177910E+08  6.3608844867E-01  1.300716E+00  3.953144E-01  4.696806E-02  0.000000E+00  1.663564E+00  2.438752E+15  2.173006E-02  1.751437E+02
   62 17.6874132  7.3542770  2.5206364  2.5781526443E+32  3.8354564997E+09  2.8043836945E+33  1.6086313164E+08  6.3430118856E-01  1.297311E+00  3.953112E-01  5.068985E-02  0.000000E+00  1.663518E+00  2.442330E+15  2.185767E-02  1.842706E+02
   63 17.6796536  7.3538680  2.5108535  2.5919027917E+32  3.8580587857E+09  3.0924516720E+33  1.6212239205E+08  6.3285475411E-01  1.289724E+00  3.953165E-01  5.469674E-02  0.000000E+00  1.663467E+00  2.453660E+15  2.198648E-02  2.095542E+02
   64 17.6718969  7.3534273  2.5022523  2.6056529392E+32  3.8808694168E+09  3.4017135951E+33  1.6284660459E+08  6.3135838003E-01  1.285586E+00  3.953153E-01  5.888930E-02  0.000000E+00  1.663423E+00  2.458370E+15  2.211647E-02  2.187958E+02
   65 17.6641440  7.3529537  2.4929191  2.6194030866E+32  3.9038855029E+09  3.7289854455E+33  1.6392088816E+08  6.3020777398E-01  1.279189E+00  3.953187E-01  6.324015E-02  0.000000E+00  1.663376E+00  2.467263E+15  2.224763E-02  2.353461E+02
   66 17.6563957  7.3524457  2.4841722  2.6331532340E+32  3.9271404369E+09  4.0811139823E+33  1.6473950425E+08  6.2900013214E-01  1.274435E+00  3.953195E-01  6.782001E-02  0.000000E+00  1.663334E+00  2.472880E+15  2.238016E-02  2.439499E+02
   67 17.6486534  7.3519011  2.4725517  2.6469033815E+32  3.9506702212E+09  4.4644248122E+33  1.6687580782E+08  6.2829736798E-01  1.261192E+00  3.953327E-01  7.278355E-02  0.000000E+00  1.663280E+00  2.494980E+15  2.251425E-02  2.799486E+02
   68 17.6409184  7.3513179  2.4635023  2.6606535289E+32  3.9744597258E+09  4.8712690616E+33  1.6785039990E+08  6.2742295945E-01  1.255430E+00  3.953270E-01  7.792061E-02  0.000000E+00  1.663236E+00  2.502476E+15  2.264983E-02  2.876541E+02
   69 17.6331919  7.3506952  2.4534239  2.6744036763E+32  3.9984910664E+09  5.2939621291E+33  1.6930687452E+08  6.2698333573E-01  1.246583E+00  3.953239E-01  8.317873E-02  0.000000E+00  1.663186E+00  2.515990E+15  2.278678E-02  3.031830E+02
   70 17.6254750  7.3500322  2.4442570  2.6881538238E+32  4.0227960745E+09  5.7361184259E+33  1.7037148728E+08  6.2641366045E-01  1.240262E+00  3.953155E-01  8.854479E-02  0.000000E+00  1.663141E+00  2.524335E+15  2.292529E-02  3.088156E+02
   71 17.6177693  7.3493276  2.4321037  2.7019039712E+32  4.0474082651E+09  6.2007799027E+33  1.7278399776E+08  6.2667362988E-01  1.225322E+00  3.953140E-01  9.420379E-02  0.000000E+00  1.663078E+00  2.550224E+15  2.306555E-02  3.361028E+02
   72 17.6100763  7.3485806  2.4227452  2.7156541186E+32  4.0723125489E+09  6.6811374859E+33  1.7396911826E+08  6.2642648496E-01  1.218256E+00  3.953020E-01  9.985995E-02  0.000000E+00  1.663030E+00  2.559949E+15  2.320747E-02  3.390703E+02
   73 17.6023974  7.3477914  2.4119787  2.7294042661E+32  4.0974916657E+09  7.1705901661E+33  1.7579182541E+08  6.2669609886E-01  1.207126E+00  3.952914E-01  1.055765E-01  0.000000E+00  1.662973E+00  2.578125E+15  2.335097E-02  3.500322E+02
   74 17.5966340  7.3471758  2.4042143  2.7397168767E+32  4.1165148923E+09  7.5391443982E+33  1.7702495152E+08  6.2687293755E-01  1.199659E+00  3.952752E-01  1.097787E-01  0.000000E+00  1.662926E+00  2.589958E+15  2.345938E-02  3.543397E+02
   75 17.5928061  7.3467501  2.4008528  2.7465919504E+32  4.1293152661E+09  7.7885419426E+33  1.7706690688E+08  6.2656290147E-01  1.199660E+00  3.952601E-01  1.125185E-01  0.000000E+00  1.662906E+00  2.587146E+15  2.353232E-02  3.458811E+02
   76 17.5889827  7.3463135  2.3891085  2.7534670241E+32  4.1422605969E+09  8.0487806510E+33  1.8073837277E+08  6.2801646845E-01  1.176537E+00  3.952531E-01  1.157022E-01  0.000000E+00  1.662827E+00  2.634639E+15  2.360610E-02  3.854803E+02
   77 17.5851641  7.3458660  2.3855988  2.7603420978E+32  4.1553110215E+09  8.3136414084E+33  1.8085875278E+08  6.2781419016E-01  1.176046E+00  3.952370E-01  1.186182E-01  0.000000E+00  1.662805E+00  2.632731E+15  2.368047E-02  3.767877E+02
   78 17.5813504  7.3454078  2.3794592  2.7672171715E+32  4.1684237669E+09  8.5771841834E+33  1.8210856462E+08  6.2823943520E-01  1.168367E+00  3.952223E-01  1.216011E-01  0.000000E+00  1.662764E+00  2.646805E+15  2.375520E-02  3.819059E+02
   79 17.5775420  7.3449391  2.3760658  2.7740922452E+32  4.1816125911E+09  8.8407275199E+33  1.8219222558E+08  6.2808226882E-01  1.168108E+00  3.952061E-01  1.244402E-01  0.000000E+00  1.662744E+00  2.644244E+15  2.383036E-02  3.725415E+02
   80 17.5737390  7.3444599  2.3680106  2.7809673190E+32  4.1948921165E+09  9.1055591567E+33  1.8425859936E+08  6.2895916100E-01  1.155247E+00  3.951904E-01  1.274747E-01  0.000000E+00  1.662688E+00  2.670172E+15  2.390604E-02  3.856705E+02
   81 17.5699415  7.3439704  2.3646452  2.7878423927E+32  4.2082481564E+09  9.3697705788E+33  1.8434392375E+08  6.2886463593E-01  1.154980E+00  3.951738E-01  1.302775E-01  0.000000E+00  1.662668E+00  2.667485E+15  2.398215E-02  3.759293E+02
   82 17.5661499  7.3434709  2.3584552  2.7947174664E+32  4.2216663053E+09  9.6315899647E+33  1.8562390340E+08  6.2937804935E-01  1.147127E+00  3.951565E-01  1.331464E-01  0.000000E+00  1.662627E+00  2.682189E+15  2.405862E-02  3.787311E+02
   83 17.5623642  7.3429613  2.3551207  2.8015925401E+32  4.2351865535E+09  9.8945203191E+33  1.8570920838E+08  6.2934435850E-01  1.146858E+00  3.951399E-01  1.358903E-01  0.000000E+00  1.662607E+00  2.679373E+15  2.413567E-02  3.688982E+02
   84 17.5585848  7.3424415  2.3437466  2.8084676138E+32  4.2488497848E+09  1.0161736616E+34  1.8914514577E+08  6.3088001618E-01  1.125344E+00  3.951173E-01  1.390130E-01  0.000000E+00  1.662523E+00  2.726503E+15  2.421353E-02  3.912122E+02
   85 17.5548122  7.3419117  2.3404391  2.8153426876E+32  4.2626157218E+09  1.0429114723E+34  1.8923375517E+08  6.3090885940E-01  1.125060E+00  3.950996E-01  1.417880E-01  0.000000E+00  1.662504E+00  2.723552E+15  2.429198E-02  3.807823E+02
   86 17.5510464  7.3413723  2.3342513  2.8222177613E+32  4.2764423034E+09  1.0692852353E+34  1.9051291613E+08  6.3152877528E-01  1.117234E+00  3.950789E-01  1.446255E-01  0.000000E+00  1.662461E+00  2.738713E+15  2.437078E-02  3.807474E+02
   87 17.5472876  7.3408235  2.3310790  2.8290928350E+32  4.2903479924E+09  1.0954159041E+34  1.9055212898E+08  6.3159103108E-01  1.117235E+00  3.950619E-01  1.472831E-01  0.000000E+00  1.662442E+00  2.734986E+15  2.445002E-02  3.701341E+02
   88 17.5416783  7.3399797  2.3209009  2.8394054456E+32  4.3114325584E+09  1.1343156958E+34  1.9283616413E+08  6.3278073997E-01  1.103138E+00  3.950307E-01  1.514644E-01  0.000000E+00  1.662369E+00  2.763789E+15  2.457018E-02  3.715695E+02
   89 17.5342067  7.3388272  2.3116226  2.8531555930E+32  4.3399185549E+09  1.1860653956E+34  1.9413540548E+08  6.3362948562E-01  1.095396E+00  3.949946E-01  1.567862E-01  0.000000E+00  1.662310E+00  2.775211E+15  2.473252E-02  3.588909E+02
   90 17.5267687  7.3376394  2.2928672  2.8669057404E+32  4.3689522518E+09  1.2376622183E+34  1.9919521819E+08  6.3577448846E-01  1.063852E+00  3.949483E-01  1.623658E-01  0.000000E+00  1.662177E+00  2.848255E+15  2.489798E-02  3.703744E+02
   91 17.5193671  7.3364181  2.2836895  2.8806558879E+32  4.3984215607E+09  1.2882074425E+34  2.0046618590E+08  6.3678063558E-01  1.056286E+00  3.949129E-01  1.674829E-01  0.000000E+00  1.662123E+00  2.859834E+15  2.506592E-02  3.550939E+02
   92 17.5120037  7.3351659  2.2718294  2.8944060353E+32  4.4282044837E+09  1.3369515794E+34  2.0278608579E+08  6.3830247163E-01  1.042087E+00  3.948739E-01  1.724703E-01  0.000000E+00  1.662050E+00  2.889472E+15  2.523565E-02  3.451230E+02
   93 17.5046800  7.3338850  2.2630765  2.9081561828E+32  4.4583635345E+09  1.3840579075E+34  2.0392526662E+08  6.3942416846E-01  1.035356E+00  3.948381E-01  1.771158E-01  0.000000E+00  1.662002E+00  2.898912E+15  2.540752E-02  3.289795E+02
   94 17.4973980  7.3325772  2.2472367  2.9219063302E+32  4.4889640562E+09  1.4296663056E+34  2.0772542152E+08  6.4161896411E-01  1.011739E+00  3.948014E-01  1.818554E-01  0.000000E+00  1.661906E+00  2.956432E+15  2.558191E-02  3.241209E+02
   95 17.4901595  7.3312447  2.2388860  2.9356564776E+32  4.5198860967E+09  1.4735217516E+34  2.0870973997E+08  6.4279214154E-01  1.005909E+00  3.947879E-01  1.860776E-01  0.000000E+00  1.661878E+00  2.963962E+15  2.575813E-02  3.073480E+02
   96 17.4829653  7.3298892  2.2295926  2.9494066251E+32  4.5509910808E+09  1.5154616035E+34  2.1085107395E+08  6.4531944996E-01  9.978344E-01  3.947937E-01  1.904517E-01  0.000000E+00  1.661864E+00  2.978298E+15  2.593539E-02  2.964647E+02
   97 17.4758161  7.3285113  2.2225434  2.9631567725E+32  4.5823682522E+09  1.5560241505E+34  2.1168573104E+08  6.4691158339E-01  9.947963E-01  3.947897E-01  1.943879E-01  0.000000E+00  1.661854E+00  2.977595E+15  2.611420E-02  2.806679E+02
   98 17.4687134  7.3271111  2.2070665  2.9769069199E+32  4.6141259643E+09  1.5956403375E+34  2.1749916451E+08  6.5190844874E-01  9.725489E-01  3.948271E-01  1.992586E-01  0.000000E+00  1.661835E+00  3.035533E+15  2.629518E-02  2.831642E+02
   99 17.4616582  7.3256913  2.2003307  2.9906570674E+32  4.6461409119E+09  1.6337478168E+34  2.1820982378E+08  6.5355438933E-01  9.699803E-01  3.948239E-01  2.029480E-01  0.000000E+00  1.661830E+00  3.033291E+15  2.647763E-02  2.670978E+02
  100 17.4546510  7.3242550  2.1914120  3.0044072148E+32  4.6782836821E+09  1.6698933446E+34  2.2021227277E+08  6.5624600163E-01  9.624237E-01  3.948326E-01  2.067374E-01  0.000000E+00  1.661824E+00  3.046660E+15  2.666081E-02  2.550494E+02
  101 17.4476920  7.3228035  2.1851950  3.0181573622E+32  4.7105984422E+09  1.7042659179E+34  2.2068102323E+08  6.5782658818E-01  9.607617E-01  3.948323E-01  2.099793E-01  0.000000E+00  1.661823E+00  3.041458E+15  2.684497E-02  2.398411E+02
  102 17.4407817  7.3213377  2.1734395  3.0319075097E+32  4.7431314109E+09  1.7370389870E+34  2.2431900754E+08  6.6184415277E-01  9.468434E-01  3.948648E-01  2.138316E-01  0.000000E+00  1.661820E+00  3.075573E+15  2.703037E-02  2.320379E+02
  103 17.4339202  7.3198599  2.1676736  3.0456576571E+32  4.7758163348E+09  1.7681219086E+34  2.2458122091E+08  6.6337143077E-01  9.459445E-01  3.948690E-01  2.167006E-01  0.000000E+00  1.661824E+00  3.067832E+15  2.721663E-02  2.177673E+02
  104 17.4271077  7.3183723  2.1591100  3.0594078045E+32  4.8085884418E+09  1.7974631025E+34  2.2644722799E+08  6.6616763507E-01  9.388534E-01  3.948883E-01  2.197941E-01  0.000000E+00  1.661827E+00  3.080233E+15  2.740340E-02  2.068096E+02
  105 17.4203443  7.3168749  2.1536845  3.0731579520E+32  4.8415945580E+09  1.8254382613E+34  2.2658065164E+08  6.6768607399E-01  9.384398E-01  3.948939E-01  2.223263E-01  0.000000E+00  1.661835E+00  3.070773E+15  2.759149E-02  1.939573E+02
  106 17.4103520  7.3146101  2.1345489  3.0937831731E+32  4.8918478591E+09  1.8648257488E+34  2.3294693840E+08  6.7415378425E-01  9.140248E-01  3.949573E-01  2.273058E-01  0.000000E+00  1.661843E+00  3.136124E+15  2.787788E-02  1.852063E+02
  107 17.3971308  7.3115703  2.1215628  3.1212834680E+32  4.9593562625E+09  1.9133350692E+34  2.3454877231E+08  6.7842825741E-01  9.080153E-01  3.949854E-01  2.320615E-01  0.000000E+00  1.661867E+00  3.134471E+15  2.826260E-02  1.642380E+02
  108 17.3841140  7.3085165  2.1057630  3.1487837629E+32  5.0272237317E+09  1.9565294811E+34  2.3775352560E+08  6.8399666292E-01  8.957957E-01  3.950283E-01  2.367212E-01  0.000000E+00  1.661890E+00  3.154666E+15  2.864936E-02  1.469405E+02
  109 17.3713005  7.3054550  2.0941328  3.1762840578E+32  5.0956176080E+09  1.9952311517E+34  2.3881277578E+08  6.8807534027E-01  8.918236E-01  3.950584E-01  2.404263E-01  0.000000E+00  1.661924E+00  3.146147E+15  2.903913E-02  1.303808E+02
  110 17.3586909  7.3023911  2.0730679  3.2037843526E+32  5.1647086099E+09  2.0301482137E+34  2.4491421655E+08  6.9534347938E-01  8.683925E-01  3.951344E-01  2.448962E-01  0.000000E+00  1.661963E+00  3.208073E+15  2.943287E-02  1.195567E+02
  111 17.3462848  7.2993330  2.0627328  3.2312846475E+32  5.2341801151E+09  2.0614936461E+34  2.4548408188E+08  6.9912180642E-01  8.663322E-01  3.951473E-01  2.478016E-01  0.000000E+00  1.661983E+00  3.192850E+15  2.982878E-02  1.065322E+02
  112 17.3282565  7.2947845  2.0444297  3.2725350898E+32  5.3391859565E+09  2.1017152855E+34  2.4805802694E+08  7.0594313893E-01  8.566676E-01  3.951563E-01  2.519818E-01  0.000000E+00  1.661980E+00  3.194866E+15  3.042719E-02  8.973627E+01
  113 17.3046399  7.2887692  2.0151020  3.3275356796E+32  5.4801024523E+09  2.1479993268E+34  2.5409569274E+08  7.1566521554E-01  8.337173E-01  3.952003E-01  2.570253E-01  0.000000E+00  1.661984E+00  3.237164E+15  3.123025E-02  7.429576E+01
  114 17.2817932  7.2828526  1.9946380  3.3825362693E+32  5.6217409013E+09  2.1862055326E+34  2.5595334363E+08  7.2340611952E-01  8.268284E-01  3.952119E-01  2.606183E-01  0.000000E+00  1.661985E+00  3.219455E+15  3.203742E-02  6.103921E+01
  115 17.2596872  7.2770503  1.9677389  3.4375368590E+32  5.7637804054E+09  2.2181980522E+34  2.6121378341E+08  7.3240149598E-01  8.067837E-01  3.952608E-01  2.641068E-01  0.000000E+00  1.661990E+00  3.255193E+15  3.284689E-02  5.192271E+01
  116 17.2382881  7.2713676  1.9508002  3.4925374488E+32  5.9056755662E+09  2.2454175370E+34  2.6207117106E+08  7.3958863033E-01  8.043863E-01  3.952803E-01  2.665357E-01  0.000000E+00  1.662015E+00  3.221979E+15  3.365552E-02  4.393833E+01
  117 17.2080289  7.2631373  1.9220900  3.5750383334E+32  6.1175178148E+09  2.2787350226E+34  2.6695742859E+08  7.5309857973E-01  7.919332E-01  3.953455E-01  2.707300E-01  0.000000E+00  1.662072E+00  3.210618E+15  3.486278E-02  3.509531E+01
  118 17.1689888  7.2524825  1.8870779  3.6850395129E+32  6.3981490522E+09  2.3157631608E+34  2.7173184113E+08  7.6939147937E-01  7.797261E-01  3.954416E-01  2.749474E-01  0.000000E+00  1.662189E+00  3.181202E+15  3.646205E-02  2.755668E+01
  119 17.1321383  7.2422881  1.8546257  3.7950406924E+32  6.6758466620E+09  2.3452574864E+34  2.7581501294E+08  7.8471126922E-01  7.691917E-01  3.955479E-01  2.782667E-01  0.000000E+00  1.662347E+00  3.149448E+15  3.804461E-02  2.235837E+01
  120 17.0972331  7.2325288  1.8242821  3.9050418719E+32  6.9504642059E+09  2.3693986650E+34  2.7951658663E+08  7.9919110520E-01  7.599114E-01  3.955579E-01  2.809133E-01  0.000000E+00  1.662429E+00  3.116693E+15  3.960961E-02  1.858705E+01
  121 17.0640605  7.2231753  1.7957691  4.0150430514E+32  7.2219706984E+09  2.3895688533E+34  2.8281941543E+08  8.1297377475E-01  7.516103E-01  3.955703E-01  2.830457E-01  0.000000E+00  1.662500E+00  3.083564E+15  4.115688E-02  1.573834E+01
  122 17.0324363  7.2141979  1.7688430  4.1250442309E+32  7.4903951660E+09  2.4066915668E+34  2.8579306958E+08  8.2615899000E-01  7.441033E-01  3.955961E-01  2.847684E-01  0.000000E+00  1.662557E+00  3.050491E+15  4.268659E-02  1.351697E+01
  123 17.0022003  7.2055684  1.7433005  4.2350454103E+32  7.7558122052E+09  2.4214116673E+34  2.8848970490E+08  8.3875220375E-01  7.372484E-01  3.956379E-01  2.861294E-01  0.000000E+00  1.662615E+00  3.017809E+15  4.419916E-02  1.174114E+01
  124 16.9732135  7.1972623  1.7189617  4.3450465898E+32  8.0183288733E+09  2.4341965250E+34  2.9095519652E+08  8.5054714989E-01  7.309398E-01  3.956839E-01  2.870881E-01  0.000000E+00  1.662670E+00  2.985781E+15  4.569521E-02  1.029358E+01
  125 16.9453543  7.1892583  1.6956994  4.4550477693E+32  8.2780693830E+09  2.4453953623E+34  2.9321258642E+08  8.6148340014E-01  7.250992E-01  3.957466E-01  2.876447E-01  0.000000E+00  1.662747E+00  2.954480E+15  4.717543E-02  9.095219E+00
  126 16.9185169  7.1815357  1.6733831  4.5650489488E+32  8.5351675874E+09  2.4552752377E+34  2.9528902663E+08  8.7205218214E-01  7.196624E-01  3.958164E-01  2.879803E-01  0.000000E+00  1.662835E+00  2.924037E+15  4.864059E-02  8.088988E+00
  127 16.8926082  7.1740744  1.6519206  4.6750501283E+32  8.7897627141E+09  2.4640441805E+34  2.9723281926E+08  8.8226829204E-01  7.145790E-01  3.958783E-01  2.881146E-01  0.000000E+00  1.662920E+00  2.894404E+15  5.009149E-02  7.234676E+00
  128 16.8675464  7.1668557  1.6312157  4.7850513078E+32  9.0419947717E+09  2.4718672857E+34  2.9912740485E+08  8.9217320568E-01  7.098064E-01  3.958880E-01  2.880731E-01  0.000000E+00  1.662954E+00  2.865570E+15  5.152892E-02  6.501688E+00
  129 16.8432591  7.1598630  1.6112171  4.8950524873E+32  9.2919984874E+09  2.4788779045E+34  3.0090200867E+08  9.0181747766E-01  7.053157E-01  3.959067E-01  2.878823E-01  0.000000E+00  1.663000E+00  2.837490E+15  5.295365E-02  5.868110E+00
  130 16.8196823  7.1530809  1.5918540  5.0050536668E+32  9.5399011549E+09  2.4851847293E+34  3.0256999001E+08  9.1122833250E-01  7.010774E-01  3.959287E-01  2.875592E-01  0.000000E+00  1.663048E+00  2.810174E+15  5.436641E-02  5.315775E+00
  131 16.7967587  7.1464955  1.5730774  5.1150548463E+32  9.7858256983E+09  2.4908773060E+34  3.0413664358E+08  9.2043776820E-01  6.970665E-01  3.959602E-01  2.871209E-01  0.000000E+00  1.663103E+00  2.783559E+15  5.576789E-02  4.831369E+00
  132 16.7744374  7.1400940  1.5548311  5.2250560257E+32  1.0029889781E+10  2.4960306215E+34  3.0561317130E+08  9.2946239782E-01  6.932642E-01  3.959935E-01  2.865787E-01  0.000000E+00  1.663155E+00  2.757650E+15  5.715878E-02  4.404045E+00
  133 16.7526726  7.1338648  1.5370849  5.3350572052E+32  1.0272204302E+10  2.5007073403E+34  3.0699723221E+08  9.3833164299E-01  6.896592E-01  3.960372E-01  2.859467E-01  0.000000E+00  1.663215E+00  2.732349E+15  5.853969E-02  4.024662E+00
  134 16.7314231  7.1277975  1.5197858  5.4450583847E+32  1.0512882254E+10  2.5049605785E+34  3.0833083202E+08  9.4705456014E-01  6.862423E-01  3.960632E-01  2.852319E-01  0.000000E+00  1.663264E+00  2.707687E+15  5.991128E-02  3.686038E+00
  135 16.7081874  7.1211691  1.5011161  5.5688097116E+32  1.0781702390E+10  2.5092741347E+34  3.0966465485E+08  9.5667545708E-01  6.829282E-01  3.960713E-01  2.843498E-01  0.000000E+00  1.663304E+00  2.679433E+15  6.144324E-02  3.313928E+00
  136 16.6829076  7.1139971  1.4805631  5.7063111860E+32  1.1078394399E+10  2.5136021110E+34  3.1122385294E+08  9.6723764261E-01  6.790313E-01  3.960845E-01  2.832598E-01  0.000000E+00  1.663358E+00  2.650515E+15  6.313404E-02  2.985680E+00
  137 16.6582584  7.1070320  1.4605808  5.8438126604E+32  1.1373055127E+10  2.5174683914E+34  3.1267351145E+08  9.7765073952E-01  6.753810E-01  3.961069E-01  2.820808E-01  0.000000E+00  1.663421E+00  2.622284E+15  6.481327E-02  2.695369E+00
  138 16.6341876  7.1002585  1.4411195  5.9813141347E+32  1.1665743376E+10  2.5209279445E+34  3.1404572933E+08  9.8796968454E-01  6.719581E-01  3.961337E-01  2.808359E-01  0.000000E+00  1.663476E+00  2.594685E+15  6.648125E-02  2.438025E+00
  139 16.6106473  7.0936624  1.4226930  6.1188156091E+32  1.1956431499E+10  2.5240281457E+34  3.1533541483E+08  9.9848356340E-01  6.695939E-01  3.961671E-01  2.796126E-01  0.000000E+00  1.663532E+00  2.564398E+15  6.813784E-02  2.211260E+00
  140 16.5875933  7.0872316  1.4046615  6.2563170835E+32  1.2245205514E+10  2.5268076015E+34  3.1654499421E+08  1.0088991047E+00  6.673546E-01  3.962057E-01  2.783298E-01  0.000000E+00  1.663587E+00  2.534996E+15  6.978352E-02  2.007557E+00
  141 16.5671562  7.0815651  1.3885766  6.3800684104E+32  1.2503704944E+10  2.5290733410E+34  3.1765430395E+08  1.0182832878E+00  6.652770E-01  3.962463E-01  2.771355E-01  0.000000E+00  1.663639E+00  2.509798E+15  7.125666E-02  1.856492E+00
  142 16.5408843  7.0742596  1.3685338  6.5450701796E+32  1.2845863569E+10  2.5316991747E+34  3.1861136160E+08  1.0305239308E+00  6.635565E-01  3.962658E-01  2.755453E-01  0.000000E+00  1.663666E+00  2.474096E+15  7.320657E-02  1.605540E+00
  143 16.5061913  7.0647429  1.3413712  6.7650725386E+32  1.3299434003E+10  2.5347715667E+34  3.2036261163E+08  1.0470682617E+00  6.604373E-01  3.962770E-01  2.733080E-01  0.000000E+00  1.663670E+00  2.431573E+15  7.579140E-02  1.381933E+00
  144 16.4783729  7.0572026  1.3192989  6.9438244553E+32  1.3666031279E+10  2.5369206894E+34  3.2191502634E+08  1.0605411479E+00  6.576433E-01  3.962922E-01  2.713874E-01  0.000000E+00  1.663687E+00  2.399638E+15  7.788058E-02  1.248033E+00
  145 16.4575228  7.0515599  1.3030280  7.0813259296E+32  1.3946812014E+10  2.5383387952E+34  3.2283293264E+08  1.0708559701E+00  6.559768E-01  3.963116E-01  2.699235E-01  0.000000E+00  1.663716E+00  2.374510E+15  7.948071E-02  1.135195E+00
  146 16.4369488  7.0460220  1.2869332  7.2188274040E+32  1.4226753761E+10  2.5395979065E+34  3.2373562594E+08  1.0812788264E+00  6.543255E-01  3.963337E-01  2.684654E-01  0.000000E+00  1.663756E+00  2.350203E+15  8.107605E-02  1.032704E+00
  147 16.4166306  7.0405828  1.2710629  7.3563288784E+32  1.4505976038E+10  2.5407123686E+34  3.2457755949E+08  1.0917167147E+00  6.527835E-01  3.963572E-01  2.669902E-01  0.000000E+00  1.663803E+00  2.326322E+15  8.266729E-02  9.392336E-01
  148 16.3965495  7.0352366  1.2553776  7.4938303527E+32  1.4784590270E+10  2.5416951442E+34  3.2542068545E+08  1.1022458332E+00  6.513202E-01  3.963604E-01  2.655172E-01  0.000000E+00  1.663821E+00  2.302918E+15  8.425507E-02  8.539895E-01
  149 16.3766880  7.0299781  1.2398618  7.6313318271E+32  1.5062707525E+10  2.5425581135E+34  3.2622688672E+08  1.1128626374E+00  6.499199E-01  3.963640E-01  2.640457E-01  0.000000E+00  1.663839E+00  2.280014E+15  8.584002E-02  7.764442E-01
  150 16.3570302  7.0248024  1.2245080  7.7688333014E+32  1.5340432764E+10  2.5433121167E+34  3.2699104346E+08  1.1235892483E+00  6.485792E-01  3.963743E-01  2.625811E-01  0.000000E+00  1.663863E+00  2.257563E+15  8.742273E-02  7.057682E-01
  151 16.3375613  7.0197049  1.2093007  7.9063347758E+32  1.5617865768E+10  2.5439670428E+34  3.2772007822E+08  1.1344287136E+00  6.472934E-01  3.963843E-01  2.611239E-01  0.000000E+00  1.663886E+00  2.235548E+15  8.900378E-02  6.415407E-01
  152 16.3182674  7.0146813  1.1942333  8.0438362502E+32  1.5895102343E+10  2.5445319316E+34  3.2840865381E+08  1.1453775726E+00  6.460638E-01  3.963977E-01  2.596731E-01  0.000000E+00  1.663911E+00  2.213932E+15  9.058371E-02  5.830585E-01
  153 16.2991356  7.0097275  1.1792974  8.1813377245E+32  1.6172239242E+10  2.5450150725E+34  3.2905558799E+08  1.1564557953E+00  6.448899E-01  3.964168E-01  2.582331E-01  0.000000E+00  1.663941E+00  2.192685E+15  9.216307E-02  5.299673E-01
  154 16.2755822  7.0036464  1.1610709  8.3532145675E+32  1.6518616211E+10  2.5455054771E+34  3.2969797327E+08  1.1705669717E+00  6.437115E-01  3.964382E-01  2.565103E-01  0.000000E+00  1.663978E+00  2.166002E+15  9.413702E-02  4.661571E-01
  155 16.2474145  6.9964514  1.1390475  8.5594667790E+32  1.6934445968E+10  2.5459734447E+34  3.3060872909E+08  1.1884773891E+00  6.420817E-01  3.964500E-01  2.545648E-01  0.000000E+00  1.664014E+00  2.135620E+15  9.650677E-02  4.045408E-01
  156 16.2195182  6.9893785  1.1172395  8.7657189906E+32  1.7350793041E+10  2.5463138994E+34  3.3149791642E+08  1.2073354990E+00  6.405743E-01  3.964363E-01  2.527830E-01  0.000000E+00  1.664023E+00  2.105902E+15  9.887946E-02  3.512061E-01
  157 16.1918615  6.9824163  1.0956086  8.9719712021E+32  1.7767934850E+10  2.5465445708E+34  3.3233281231E+08  1.2264012620E+00  6.391434E-01  3.964333E-01  2.510058E-01  0.000000E+00  1.664036E+00  2.076900E+15  1.012567E-01  3.050792E-01
  158 16.1644151  6.9755568  1.0741339  9.1782234136E+32  1.8186139958E+10  2.5466806381E+34  3.3311363989E+08  1.2455808565E+00  6.377924E-01  3.964361E-01  2.492111E-01  0.000000E+00  1.664046E+00  2.048550E+15  1.036400E-01  2.652323E-01
  159 16.1371520  6.9687926  1.0527976  9.3844756252E+32  1.8605668626E+10  2.5467352649E+34  3.3383876926E+08  1.2649103478E+00  6.365157E-01  3.964484E-01  2.474039E-01  0.000000E+00  1.664057E+00  2.020797E+15  1.060308E-01  2.308411E-01
  160 16.1100470  6.9621171  1.0315778  9.5907278367E+32  1.9026774462E+10  2.5467197920E+34  3.3450860280E+08  1.2844573666E+00  6.353085E-01  3.964701E-01  2.455951E-01  0.000000E+00  1.664071E+00  1.993614E+15  1.084306E-01  2.011366E-01
  161 16.0830768  6.9555233  1.0104550  9.7969800483E+32  1.9449707996E+10  2.5466439679E+34  3.3512475467E+08  1.3043066644E+00  6.341753E-01  3.964988E-01  2.437983E-01  0.000000E+00  1.664091E+00  1.966976E+15  1.108409E-01  1.754855E-01
  162 16.0562194  6.9490050  0.9894136  1.0003232260E+33  1.9874715910E+10  2.5465162038E+34  3.3576236957E+08  1.3245499109E+00  6.331105E-01  3.964954E-01  2.420279E-01  0.000000E+00  1.664085E+00  1.940802E+15  1.132629E-01  1.533385E-01
  163 16.0294542  6.9425556  0.9684382  1.0209484471E+33  2.0302040996E+10  2.5463437071E+34  3.3638016922E+08  1.3452667482E+00  6.321138E-01  3.964820E-01  2.402951E-01  0.000000E+00  1.664072E+00  1.915085E+15  1.156982E-01  1.341712E-01
  164 16.0027615  6.9361690  0.9475141  1.0415736683E+33  2.0731924020E+10  2.5461326436E+34  3.3695103557E+08  1.3665242893E+00  6.311780E-01  3.964781E-01  2.386081E-01  0.000000E+00  1.664069E+00  1.889812E+15  1.181480E-01  1.175746E-01
  165 15.9761228  6.9298393  0.9266229  1.0621988894E+33  2.1164606613E+10  2.5458883224E+34  3.3748941543E+08  1.3883665548E+00  6.302930E-01  3.964733E-01  2.369707E-01  0.000000E+00  1.664066E+00  1.864964E+15  1.206138E-01  1.031878E-01
  166 15.9495204  6.9235607  0.9057532  1.0828241106E+33  2.1600331259E+10  2.5456152763E+34  3.3798024025E+08  1.4108336676E+00  6.294601E-01  3.964800E-01  2.353856E-01  0.000000E+00  1.664074E+00  1.840517E+15  1.230969E-01  9.066664E-02
  167 15.9229372  6.9173277  0.8848853  1.1034493318E+33  2.2039343412E+10  2.5453173955E+34  3.3844014973E+08  1.4339474298E+00  6.286738E-01  3.964876E-01  2.338518E-01  0.000000E+00  1.664088E+00  1.816470E+15  1.255988E-01  7.976940E-02
  168 15.8963571  6.9111352  0.8640109  1.1240745529E+33  2.2481891341E+10  2.5449980476E+34  3.3885289872E+08  1.4577401057E+00  6.279358E-01  3.965075E-01  2.323702E-01  0.000000E+00  1.664114E+00  1.792790E+15  1.281208E-01  7.026048E-02
  169 15.8697642  6.9049781  0.8431129  1.1446997741E+33  2.2928226290E+10  2.5446601239E+34  3.3923139514E+08  1.4822179811E+00  6.272462E-01  3.965319E-01  2.309370E-01  0.000000E+00  1.664148E+00  1.769471E+15  1.306644E-01  6.193678E-02
  170 15.8431432  6.8988520  0.8221866  1.1653249952E+33  2.3378601369E+10  2.5443061245E+34  3.3964226826E+08  1.5073244185E+00  6.265956E-01  3.965255E-01  2.295386E-01  0.000000E+00  1.664147E+00  1.746418E+15  1.332310E-01  5.465085E-02
  171 15.8164793  6.8927533  0.8012161  1.1859502164E+33  2.3833272455E+10  2.5439381830E+34  3.4006203170E+08  1.5327792471E+00  6.259830E-01  3.965018E-01  2.281274E-01  0.000000E+00  1.664126E+00  1.723652E+15  1.358221E-01  4.824853E-02
  172 15.7897578  6.8866785  0.7801888  1.2065754375E+33  2.4292503414E+10  2.5435581205E+34  3.4045275409E+08  1.5589131487E+00  6.254054E-01  3.964832E-01  2.267486E-01  0.000000E+00  1.664109E+00  1.701182E+15  1.384392E-01  4.261979E-02
  173 15.7629645  6.8806237  0.7590917  1.2272006587E+33  2.4756565406E+10  2.5431675613E+34  3.4081681582E+08  1.5857478793E+00  6.248627E-01  3.964677E-01  2.254003E-01  0.000000E+00  1.664095E+00  1.679001E+15  1.410838E-01  3.766479E-02
  174 15.7360853  6.8745853  0.7379123  1.2478258798E+33  2.5225738336E+10  2.5427679431E+34  3.4115455103E+08  1.6133172615E+00  6.243503E-01  3.964582E-01  2.240826E-01  0.000000E+00  1.664085E+00  1.657100E+15  1.437575E-01  3.328753E-02
  175 15.7091063  6.8685595  0.7166379  1.2684511010E+33  2.5700311025E+10  2.5423605313E+34  3.4146313693E+08  1.6416446312E+00  6.238658E-01  3.964565E-01  2.227935E-01  0.000000E+00  1.664082E+00  1.635472E+15  1.464621E-01  2.942604E-02
  176 15.6820136  6.8625427  0.6952570  1.2890763221E+33  2.6180577370E+10  2.5419464508E+34  3.4174819360E+08  1.6707612602E+00  6.234084E-01  3.964607E-01  2.215320E-01  0.000000E+00  1.664078E+00  1.614099E+15  1.491990E-01  2.600891E-02
  177 15.6614625  6.8580257  0.6789477  1.3045452380E+33  2.6544159747E+10  2.5416325637E+34  3.4198460204E+08  1.6929549780E+00  6.230020E-01  3.964706E-01  2.205211E-01  0.000000E+00  1.664079E+00  1.598412E+15  1.512710E-01  2.373157E-02
  178 15.6433474  6.8540242  0.6646868  1.3182953854E+33  2.6871185113E+10  2.5413504501E+34  3.4211090475E+08  1.7133013112E+00  6.227806E-01  3.964828E-01  2.197495E-01  0.000000E+00  1.664084E+00  1.584295E+15  1.531347E-01  2.183660E-02
  179 15.6227424  6.8495149  0.6483719  1.3337643013E+33  2.7241915037E+10  2.5410311627E+34  3.4228919532E+08  1.7365608387E+00  6.224571E-01  3.964985E-01  2.188241E-01  0.000000E+00  1.664090E+00  1.568727E+15  1.552474E-01  1.990698E-02
  180 15.6043959  6.8455083  0.6338696  1.3475144487E+33  2.7574816359E+10  2.5407453910E+34  3.4240627015E+08  1.7576565976E+00  6.222167E-01  3.965200E-01  2.180299E-01  0.000000E+00  1.664104E+00  1.554915E+15  1.571446E-01  1.832309E-02
  181 15.5859756  6.8415000  0.6193013  1.3612645962E+33  2.7910797527E+10  2.5404581167E+34  3.4260301309E+08  1.7791940266E+00  6.219803E-01  3.964996E-01  2.172501E-01  0.000000E+00  1.664071E+00  1.541154E+15  1.590593E-01  1.686576E-02
  182 15.5652099  6.8369899  0.6028938  1.3767335120E+33  2.8292791614E+10  2.5401333102E+34  3.4280874258E+08  1.8039821352E+00  6.217481E-01  3.964754E-01  2.164117E-01  0.000000E+00  1.664033E+00  1.525731E+15  1.612362E-01  1.535484E-02
  183 15.5396893  6.8314709  0.5827091  1.3956399648E+33  2.8765322011E+10  2.5397345100E+34  3.4305010085E+08  1.8350507109E+00  6.214715E-01  3.964491E-01  2.154071E-01  0.000000E+00  1.663991E+00  1.507062E+15  1.639291E-01  1.368782E-02
  184 15.5115920  6.8254361  0.5604392  1.4162651859E+33  2.9287924048E+10  2.5392976973E+34  3.4330946091E+08  1.8698507553E+00  6.211638E-01  3.964243E-01  2.142965E-01  0.000000E+00  1.663946E+00  1.486935E+15  1.669073E-01  1.206826E-02
  185 15.4902256  6.8208941  0.5434272  1.4317341018E+33  2.9684474876E+10  2.5389691913E+34  3.4352369565E+08  1.8964322021E+00  6.208898E-01  3.964079E-01  2.133896E-01  0.000000E+00  1.663914E+00  1.472072E+15  1.691672E-01  1.098315E-02
  186 15.4725128  6.8171096  0.5293979  1.4446248650E+33  3.0019607789E+10  2.5386947925E+34  3.4365515133E+08  1.9192764732E+00  6.207414E-01  3.963951E-01  2.127447E-01  0.000000E+00  1.663887E+00  1.459617E+15  1.710771E-01  1.013907E-02
  187 15.4534050  6.8130601  0.5142039  1.4583750124E+33  3.0380242255E+10  2.5384018113E+34  3.4380552473E+08  1.9440559036E+00  6.205439E-01  3.963874E-01  2.120098E-01  0.000000E+00  1.663865E+00  1.446503E+15  1.731323E-01  9.312023E-03
  188 15.4354570  6.8092576  0.4999568  1.4712657757E+33  3.0722342979E+10  2.5381268952E+34  3.4393068560E+08  1.9678218828E+00  6.203954E-01  3.963762E-01  2.113615E-01  0.000000E+00  1.663845E+00  1.434211E+15  1.750818E-01  8.591907E-03
  189 15.4161807  6.8051907  0.4846359  1.4850159231E+33  3.1091127490E+10  2.5378335436E+34  3.4405571781E+08  1.9937130358E+00  6.202327E-01  3.963689E-01  2.106707E-01  0.000000E+00  1.663830E+00  1.421195E+15  1.771835E-01  7.880313E-03
  190 15.3967873  6.8011124  0.4692154  1.4987660705E+33  3.1464187694E+10  2.5375401832E+34  3.4416548163E+08  2.0201667020E+00  6.200787E-01  3.963665E-01  2.099885E-01  0.000000E+00  1.663821E+00  1.408246E+15  1.793095E-01  7.224696E-03
  191 15.3772720  6.7970209  0.4536894  1.5125162180E+33  3.1841666430E+10  2.5372469466E+34  3.4427384428E+08  2.0479188326E+00  6.199291E-01  3.963632E-01  2.093896E-01  0.000000E+00  1.663814E+00  1.395363E+15  1.814607E-01  6.618387E-03
  192 15.3528209  6.7918886  0.4342675  1.5297039023E+33  3.2320597118E+10  2.5368809282E+34  3.4436494023E+08  2.0841068685E+00  6.197783E-01  3.963707E-01  2.087713E-01  0.000000E+00  1.663817E+00  1.379301E+15  1.841900E-01  5.925813E-03
  193 15.3279237  6.7867227  0.4143975  1.5468915866E+33  3.2805469839E+10  2.5365155041E+34  3.4448004478E+08  2.1210193678E+00  6.195837E-01  3.963798E-01  2.080398E-01  0.000000E+00  1.663819E+00  1.363428E+15  1.869533E-01  5.300951E-03
  194 15.3079434  6.7825719  0.3984756  1.5606417340E+33  3.3199595414E+10  2.5362238883E+34  3.4453624756E+08  2.1514993279E+00  6.194562E-01  3.963969E-01  2.075262E-01  0.000000E+00  1.663831E+00  1.350757E+15  1.891993E-01  4.844182E-03
  195 15.2902990  6.7789226  0.3843910  1.5726731130E+33  3.3548379144E+10  2.5359692592E+34  3.4458613356E+08  2.1787410291E+00  6.193364E-01  3.964134E-01  2.070672E-01  0.000000E+00  1.663843E+00  1.339740E+15  1.911870E-01  4.474558E-03
  196 15.2701437  6.7747358  0.3683531  1.5864232604E+33  3.3952891617E+10  2.5356791703E+34  3.4469225669E+08  2.2109252585E+00  6.192439E-01  3.963983E-01  2.066529E-01  0.000000E+00  1.663819E+00  1.327079E+15  1.934922E-01  4.082198E-03
  197 15.2496349  6.7705220  0.3519596  1.6001734079E+33  3.4361486945E+10  2.5353897457E+34  3.4482814717E+08  2.2435477750E+00  6.191084E-01  3.963807E-01  2.061348E-01  0.000000E+00  1.663789E+00  1.314539E+15  1.958208E-01  3.722280E-03
  198 15.2291679  6.7662888  0.3356625  1.6139235553E+33  3.4777112829E+10  2.5351015359E+34  3.4494257646E+08  2.2774262680E+00  6.190216E-01  3.963603E-01  2.057600E-01  0.000000E+00  1.663754E+00  1.301951E+15  1.981893E-01  3.390054E-03
  199 15.2057732  6.7614927  0.3169680  1.6293924712E+33  3.5250423702E+10  2.5347783556E+34  3.4507194233E+08  2.3162660183E+00  6.188886E-01  3.963471E-01  2.052563E-01  0.000000E+00  1.663724E+00  1.287913E+15  2.008867E-01  3.049001E-03
  200 15.1848454  6.7572021  0.3002538  1.6431426186E+33  3.5677957064E+10  2.5344923660E+34  3.4518046162E+08  2.3518423080E+00  6.187837E-01  3.963353E-01  2.048578E-01  0.000000E+00  1.663694E+00  1.275454E+15  2.033231E-01  2.771538E-03
  201 15.1637393  6.7528830  0.2833891  1.6568927661E+33  3.6111742873E+10  2.5342076133E+34  3.4527576609E+08  2.3883871780E+00  6.186799E-01  3.963300E-01  2.044802E-01  0.000000E+00  1.663669E+00  1.263040E+15  2.057952E-01  2.517152E-03
  202 15.1424486  6.7485341  0.2663698  1.6706429135E+33  3.6551999821E+10  2.5339241792E+34  3.4536161408E+08  2.4259123825E+00  6.185778E-01  3.963287E-01  2.041216E-01  0.000000E+00  1.663649E+00  1.250664E+15  2.083041E-01  2.283980E-03
  203 15.1209670  6.7441536  0.2491907  1.6843930609E+33  3.6998955599E+10  2.5336421437E+34  3.4544266251E+08  2.4644586649E+00  6.184771E-01  3.963289E-01  2.037827E-01  0.000000E+00  1.663633E+00  1.238322E+15  2.108513E-01  2.070047E-03
  204 15.0992877  6.7397400  0.2318475  1.6981432084E+33  3.7452847293E+10  2.5333615860E+34  3.4551409901E+08  2.5040693347E+00  6.183779E-01  3.963331E-01  2.034645E-01  0.000000E+00  1.663621E+00  1.226012E+15  2.134379E-01  1.874681E-03
  205 15.0774038  6.7352914  0.2143413  1.7118933558E+33  3.7913918575E+10  2.5330825825E+34  3.4565886041E+08  2.5447997071E+00  6.182812E-01  3.962991E-01  2.031683E-01  0.000000E+00  1.663573E+00  1.213681E+15  2.160655E-01  1.695431E-03
  206 15.0553080  6.7308061  0.1966590  1.7256435032E+33  3.8382424548E+10  2.5328052078E+34  3.4578480257E+08  2.5866728854E+00  6.181833E-01  3.962736E-01  2.028932E-01  0.000000E+00  1.663531E+00  1.201378E+15  2.187354E-01  1.532086E-03
  207 15.0329930  6.7262821  0.1787958  1.7393936507E+33  3.8858635432E+10  2.5325295375E+34  3.4591389096E+08  2.6297315354E+00  6.180852E-01  3.962455E-01  2.026394E-01  0.000000E+00  1.663487E+00  1.189095E+15  2.214493E-01  1.382531E-03
  208 15.0104510  6.7217179  0.1607446  1.7531437981E+33  3.9342834079E+10  2.5322556402E+34  3.4602767518E+08  2.6737429956E+00  6.179871E-01  3.962246E-01  2.023860E-01  0.000000E+00  1.663453E+00  1.176839E+15  2.242087E-01  1.246308E-03
  209 14.9876739  6.7171117  0.1424991  1.7668939455E+33  3.9835317334E+10  2.5319835748E+34  3.4613683880E+08  2.7190086112E+00  6.178895E-01  3.962059E-01  2.021528E-01  0.000000E+00  1.663423E+00  1.164602E+15  2.270153E-01  1.121940E-03
  210 14.9646535  6.7124614  0.1240527  1.7806440930E+33  4.0336396286E+10  2.5317134040E+34  3.4623470226E+08  2.7655733411E+00  6.177925E-01  3.961930E-01  2.019399E-01  0.000000E+00  1.663404E+00  1.152388E+15  2.298708E-01  1.008700E-03
  211 14.9413810  6.7077648  0.1053996  1.7943942404E+33  4.0846396701E+10  2.5314451975E+34  3.4632008157E+08  2.8134927617E+00  6.176962E-01  3.961864E-01  2.017482E-01  0.000000E+00  1.663395E+00  1.140189E+15  2.327772E-01  9.056004E-04
  212 14.9178474  6.7030199  0.0865335  1.8081443879E+33  4.1365659711E+10  2.5311790260E+34  3.4639607228E+08  2.8628231030E+00  6.176013E-01  3.961842E-01  2.015783E-01  0.000000E+00  1.663393E+00  1.127999E+15  2.357364E-01  8.118014E-04
  213 14.8940432  6.6982242  0.0674485  1.8218945353E+33  4.1894542340E+10  2.5309149577E+34  3.4646731398E+08  2.9135115472E+00  6.175102E-01  3.961842E-01  2.014229E-01  0.000000E+00  1.663394E+00  1.115809E+15  2.387505E-01  7.266444E-04
  214 14.8699586  6.6933757  0.0481445  1.8356446827E+33  4.2433414472E+10  2.5306530516E+34  3.4662274774E+08  2.9655622333E+00  6.174274E-01  3.961432E-01  2.012789E-01  0.000000E+00  1.663334E+00  1.103554E+15  2.418214E-01  6.492932E-04
  215 14.8455832  6.6884719  0.0286051  1.8493948302E+33  4.2982666322E+10  2.5303933640E+34  3.4676130157E+08  3.0192038293E+00  6.173457E-01  3.961092E-01  2.011583E-01  0.000000E+00  1.663282E+00  1.091300E+15  2.449515E-01  5.792687E-04
  216 14.8209062  6.6835101  0.0088219  1.8631449776E+33  4.3542714498E+10  2.5301359611E+34  3.4690148160E+08  3.0745074754E+00  6.172641E-01  3.960733E-01  2.010621E-01  0.000000E+00  1.663222E+00  1.079032E+15  2.481431E-01  5.157768E-04
  217 14.7959163  6.6784874 -0.0112133  1.8768951250E+33  4.4113997969E+10  2.5298809165E+34  3.4702077510E+08  3.1315460945E+00  6.171820E-01  3.960466E-01  2.009911E-01  0.000000E+00  1.663173E+00  1.066761E+15  2.513988E-01  4.584579E-04
  218 14.7706015  6.6734010 -0.0315090  1.8906452725E+33  4.4696979239E+10  2.5296283043E+34  3.4714002616E+08  3.1904040642E+00  6.171006E-01  3.960192E-01  2.009470E-01  0.000000E+00  1.663123E+00  1.054471E+15  2.547211E-01  4.066357E-04
  219 14.7449493  6.6682475 -0.0520754  1.9043954199E+33  4.5292146988E+10  2.5293782003E+34  3.4723476290E+08  3.2511647796E+00  6.170201E-01  3.960025E-01  2.009308E-01  0.000000E+00  1.663086E+00  1.042172E+15  2.581129E-01  3.599812E-04
  220 14.7189466  6.6630237 -0.0729209  1.9181455673E+33  4.5900017249E+10  2.5291306815E+34  3.4732282797E+08  3.3139194022E+00  6.169428E-01  3.959885E-01  2.009440E-01  0.000000E+00  1.663052E+00  1.029849E+15  2.615770E-01  3.179484E-04
  221 14.6925795  6.6577259 -0.0940574  1.9318957148E+33  4.6521136083E+10  2.5288858269E+34  3.4738270669E+08  3.3787640485E+00  6.168676E-01  3.959861E-01  2.009884E-01  0.000000E+00  1.663028E+00  1.017505E+15  2.651167E-01  2.802102E-04
  222 14.6658334  6.6523503 -0.1154938  1.9456458622E+33  4.7156081956E+10  2.5286437172E+34  3.4744724372E+08  3.4458076646E+00  6.167964E-01  3.959803E-01  2.010660E-01  0.000000E+00  1.662994E+00  1.005120E+15  2.687352E-01  2.463546E-04
  223 14.6386927  6.6468929 -0.1372362  1.9593960097E+33  4.7805462980E+10  2.5284044284E+34  3.4761651764E+08  3.5151616459E+00  6.167313E-01  3.959289E-01  2.011789E-01  0.000000E+00  1.662904E+00  9.926500E+14  2.724359E-01  2.160454E-04
  224 14.6111412  6.6413492 -0.1593031  1.9731461571E+33  4.8469925515E+10  2.5281680351E+34  3.4777583941E+08  3.5869129546E+00  6.166675E-01  3.958809E-01  2.013276E-01  0.000000E+00  1.662818E+00  9.801423E+14  2.762225E-01  1.889932E-04
  225 14.5831615  6.6357148 -0.1817084  1.9868963045E+33  4.9150162363E+10  2.5279346193E+34  3.4793044771E+08  3.6611768190E+00  6.166042E-01  3.958353E-01  2.015140E-01  0.000000E+00  1.662739E+00  9.675960E+14  2.800991E-01  1.648364E-04
  226 14.5547352  6.6299845 -0.2044657  2.0006464520E+33  4.9846911725E+10  2.5277042684E+34  3.4806192710E+08  3.7380716328E+00  6.165404E-01  3.957994E-01  2.017401E-01  0.000000E+00  1.662672E+00  9.550090E+14  2.840698E-01  1.434030E-04
  227 14.5258426  6.6241532 -0.2275898  2.0143965994E+33  5.0560960644E+10  2.5274770712E+34  3.4819466027E+08  3.8177302957E+00  6.164743E-01  3.957653E-01  2.020082E-01  0.000000E+00  1.662617E+00  9.423770E+14  2.881390E-01  1.243159E-04
  228 14.4964631  6.6182150 -0.2510950  2.0281467468E+33  5.1293148645E+10  2.5272531190E+34  3.4829061583E+08  3.9002971870E+00  6.164068E-01  3.957466E-01  2.023213E-01  0.000000E+00  1.662577E+00  9.296939E+14  2.923117E-01  1.074584E-04
  229 14.4665744  6.6121639 -0.2749974  2.0418968943E+33  5.2044372298E+10  2.5270325062E+34  3.4837446360E+08  3.9859144831E+00  6.163392E-01  3.957343E-01  2.026820E-01  0.000000E+00  1.662550E+00  9.169516E+14  2.965928E-01  9.256080E-05
  230 14.4361528  6.6059932 -0.2993150  2.0556470417E+33  5.2815591864E+10  2.5268153315E+34  3.4842129146E+08  4.0747224442E+00  6.162723E-01  3.957367E-01  2.030927E-01  0.000000E+00  1.662537E+00  9.041471E+14  3.009878E-01  7.943907E-05
  231 14.4051729  6.5996958 -0.3240626  2.0693971891E+33  5.3607833874E+10  2.5266016955E+34  3.4850668931E+08  4.1669131897E+00  6.162088E-01  3.957211E-01  2.035583E-01  0.000000E+00  1.662507E+00  8.912486E+14  3.055027E-01  6.793959E-05
  232 14.3736074  6.5932634 -0.3492540  2.0831473366E+33  5.4422191673E+10  2.5263917010E+34  3.4872324448E+08  4.2630350108E+00  6.161503E-01  3.956441E-01  2.041010E-01  0.000000E+00  1.662399E+00  8.782068E+14  3.101436E-01  5.784931E-05
  233 14.3414271  6.5866872 -0.3749180  2.0968974840E+33  5.5259843660E+10  2.5261854594E+34  3.4891480707E+08  4.3629108193E+00  6.160933E-01  3.955774E-01  2.047077E-01  0.000000E+00  1.662301E+00  8.650770E+14  3.149172E-01  4.905758E-05
  234 14.3086004  6.5799580 -0.4010772  2.1106476315E+33  5.6122067164E+10  2.5259830870E+34  3.4909170191E+08  4.4667139314E+00  6.160370E-01  3.955173E-01  2.053822E-01  0.000000E+00  1.662201E+00  8.518462E+14  3.198309E-01  4.142360E-05
  235 14.2750932  6.5730655 -0.4277555  2.1243977789E+33  5.7010240724E+10  2.5257846986E+34  3.4925753861E+08  4.5746319335E+00  6.159803E-01  3.954662E-01  2.061291E-01  0.000000E+00  1.662113E+00  8.385120E+14  3.248925E-01  3.479486E-05
  236 14.2408685  6.5659986 -0.4549793  2.1381479263E+33  5.7925855530E+10  2.5255904112E+34  3.4938523275E+08  4.6868542999E+00  6.159212E-01  3.954330E-01  2.069533E-01  0.000000E+00  1.662052E+00  8.250733E+14  3.301104E-01  2.908326E-05
  237 14.2058864  6.5587450 -0.4827760  2.1518980738E+33  5.8870527285E+10  2.5254003465E+34  3.4947724026E+08  4.8035699898E+00  6.158564E-01  3.954154E-01  2.078598E-01  0.000000E+00  1.662024E+00  8.115209E+14  3.354940E-01  2.418106E-05
  238 14.1701031  6.5512914 -0.5111749  2.1656482212E+33  5.9846009200E+10  2.5252146338E+34  3.4953193415E+08  4.9249845695E+00  6.157881E-01  3.954094E-01  2.088548E-01  0.000000E+00  1.662025E+00  7.978393E+14  3.410531E-01  1.998605E-05
  239 14.1334710  6.5436228 -0.5402093  2.1793983686E+33  6.0854209328E+10  2.5250334078E+34  3.4953741252E+08  5.0512791094E+00  6.157198E-01  3.954218E-01  2.099439E-01  0.000000E+00  1.662049E+00  7.840148E+14  3.467986E-01  1.641483E-05
  240 14.0959380  6.5357228 -0.5699006  2.1931485161E+33  6.1897193485E+10  2.5248567940E+34  3.4981243130E+08  5.1827181884E+00  6.156613E-01  3.953232E-01  2.111370E-01  0.000000E+00  1.661906E+00  7.699188E+14  3.527424E-01  1.339437E-05
  241 14.0574464  6.5275732 -0.6003015  2.2068986635E+33  6.2977222273E+10  2.5246849150E+34  3.5007493511E+08  5.3193807289E+00  6.155985E-01  3.952306E-01  2.124373E-01  0.000000E+00  1.661740E+00  7.556334E+14  3.588974E-01  1.085299E-05
  242 14.0179331  6.5191538 -0.6314581  2.2206488109E+33  6.4096798035E+10  2.5245179063E+34  3.5031557612E+08  5.4613919433E+00  6.155328E-01  3.951477E-01  2.138511E-01  0.000000E+00  1.661574E+00  7.411581E+14  3.652777E-01  8.727150E-06
  243 13.9773276  6.5104418 -0.6634191  2.2343989584E+33  6.5258682032E+10  2.5243559104E+34  3.5051225576E+08  5.6088269446E+00  6.154668E-01  3.950810E-01  2.153842E-01  0.000000E+00  1.661447E+00  7.264958E+14  3.718990E-01  6.959827E-06
  244 13.9355518  6.5014122 -0.6962369  2.2481491058E+33  6.6465926754E+10  2.5241990724E+34  3.5065166906E+08  5.7617190619E+00  6.154018E-01  3.950350E-01  2.170426E-01  0.000000E+00  1.661377E+00  7.116346E+14  3.787789E-01  5.501054E-06
  245 13.8925186  6.4920415 -0.7299757  2.2618992533E+33  6.7721925368E+10  2.5240474794E+34  3.5071704738E+08  5.9143030764E+00  6.153367E-01  3.950182E-01  2.186110E-01  0.000000E+00  1.661361E+00  6.965594E+14  3.859367E-01  4.307292E-06
  246 13.8481298  6.4823051 -0.7647094  2.2756494007E+33  6.9030477180E+10  2.5239011447E+34  3.5068529506E+08  6.0700449464E+00  6.152688E-01  3.950444E-01  2.202214E-01  0.000000E+00  1.661369E+00  6.812480E+14  3.933939E-01  3.338793E-06
  247 13.8022749  6.4721717 -0.8005102  2.2893995481E+33  7.0395841918E+10  2.5237601092E+34  3.5075335910E+08  6.2297693754E+00  6.151942E-01  3.950351E-01  2.219106E-01  0.000000E+00  1.661298E+00  6.656296E+14  4.011749E-01  2.560228E-06
  248 13.7548285  6.4616045 -0.8374665  2.3031496956E+33  7.1822812306E+10  2.5236244515E+34  3.5098553260E+08  6.3932888595E+00  6.151044E-01  3.949581E-01  2.236808E-01  0.000000E+00  1.661161E+00  6.496906E+14  4.093070E-01  1.940481E-06
  249 13.7056475  6.4505621 -0.8756820  2.3168998430E+33  7.3316826586E+10  2.5234942556E+34  3.5113394022E+08  6.5603075785E+00  6.150178E-01  3.949103E-01  2.255329E-01  0.000000E+00  1.661084E+00  6.334627E+14  4.178212E-01  1.452389E-06
  250 13.6545674  6.4389967 -0.9152763  2.3306499904E+33  7.4884099252E+10  2.5233696129E+34  3.5117611102E+08  6.7304197815E+00  6.149425E-01  3.949031E-01  2.274668E-01  0.000000E+00  1.661071E+00  6.169243E+14  4.267528E-01  1.072365E-06
  251 13.6013978  6.4268533 -0.9563766  2.3444001379E+33  7.6531760283E+10  2.5232506051E+34  3.5147206443E+08  6.9031865862E+00  6.148802E-01  3.947933E-01  2.294851E-01  0.000000E+00  1.660916E+00  5.999598E+14  4.361426E-01  7.802664E-07
  252 13.5459165  6.4140679 -0.9991559  2.3581502853E+33  7.8268080239E+10  2.5231373060E+34  3.5167864055E+08  7.0777576701E+00  6.147888E-01  3.947238E-01  2.315802E-01  0.000000E+00  1.660822E+00  5.826337E+14  4.460376E-01  5.588132E-07
  253 13.4878622  6.4005662 -1.0438002  2.3719004327E+33  8.0102741132E+10  2.5230297885E+34  3.5173186903E+08  7.2531266736E+00  6.146592E-01  3.947191E-01  2.337437E-01  0.000000E+00  1.660802E+00  5.649113E+14  4.564930E-01  3.933971E-07
  254 13.4269240  6.3862804 -1.0905398  2.3856505802E+33  8.2047167988E+10  2.5229280032E+34  3.5201056053E+08  7.4089838578E+00  6.145462E-01  3.946182E-01  2.353154E-01  0.000000E+00  1.660621E+00  5.466814E+14  4.675740E-01  2.719690E-07
  255 13.3627286  6.3711366 -1.1396838  2.3994007276E+33  8.4115129187E+10  2.5228317571E+34  3.5224327047E+08  7.5592091855E+00  6.144542E-01  3.945371E-01  2.367203E-01  0.000000E+00  1.660467E+00  5.280106E+14  4.793590E-01  1.843881E-07
  256 13.3115221  6.3591979 -1.1790847  2.4097133382E+33  8.5743858699E+10  2.5227626420E+34  3.5234859425E+08  7.6551988915E+00  6.143012E-01  3.945190E-01  2.368042E-01  0.000000E+00  1.660395E+00  5.138287E+14  4.886409E-01  1.358366E-07
  257 13.2764864  6.3508945 -1.2058223  2.4165884119E+33  8.6887975315E+10  2.5227186223E+34  3.5231469833E+08  7.7271048915E+00  6.143018E-01  3.945201E-01  2.373465E-01  0.000000E+00  1.660366E+00  5.040950E+14  4.951610E-01  1.100488E-07
  258 13.2403414  6.3423135 -1.2335629  2.4234634856E+33  8.8073902947E+10  2.5226759670E+34  3.5264043060E+08  7.7888686992E+00  6.140390E-01  3.944285E-01  2.375626E-01  0.000000E+00  1.660229E+00  4.943930E+14  5.019194E-01  8.874444E-08
  259 13.2029999  6.3334330 -1.2619781  2.4303385593E+33  8.9304748553E+10  2.5226346889E+34  3.5274636152E+08  7.8617233716E+00  6.140892E-01  3.943565E-01  2.381029E-01  0.000000E+00  1.660114E+00  4.843015E+14  5.089338E-01  7.103281E-08
  260 13.1643633  6.3242305 -1.2915003  2.4372136331E+33  9.0584132459E+10  2.5225948023E+34  3.5292207459E+08  7.9263208850E+00  6.139647E-01  3.943010E-01  2.383737E-01  0.000000E+00  1.660009E+00  4.742136E+14  5.162248E-01  5.653385E-08
  261 13.1243202  6.3146817 -1.3220591  2.4440887068E+33  9.1916195235E+10  2.5225563267E+34  3.5299798801E+08  7.9917941673E+00  6.138913E-01  3.942774E-01  2.386455E-01  0.000000E+00  1.659945E+00  4.639519E+14  5.238161E-01  4.467974E-08
  262 13.0827440  6.3047566 -1.3537827  2.4509637805E+33  9.3305578195E+10  2.5225192935E+34  3.5297082911E+08  8.0572482060E+00  6.138226E-01  3.942933E-01  2.388875E-01  0.000000E+00  1.659941E+00  4.535438E+14  5.317339E-01  3.505284E-08
  263 13.0394894  6.2944203 -1.3867750  2.4578388542E+33  9.4757599767E+10  2.5224837530E+34  3.5312372999E+08  8.1246275377E+00  6.137404E-01  3.942314E-01  2.391543E-01  0.000000E+00  1.659850E+00  4.429280E+14  5.400088E-01  2.728431E-08
  264 12.9943891  6.2836298 -1.4211632  2.4647139279E+33  9.6278349267E+10  2.5224497817E+34  3.5339759523E+08  8.1949664093E+00  6.136391E-01  3.941222E-01  2.394775E-01  0.000000E+00  1.659690E+00  4.320951E+14  5.486753E-01  2.105362E-08
  265 12.9472487  6.2723344 -1.4570959  2.4715890017E+33  9.7874881938E+10  2.5224174721E+34  3.5361748062E+08  8.2685518942E+00  6.135317E-01  3.940439E-01  2.398683E-01  0.000000E+00  1.659542E+00  4.210491E+14  5.577737E-01  1.608756E-08
  266 12.8978407  6.2604736 -1.4947460  2.4784640754E+33  9.9555442341E+10  2.5223869369E+34  3.5374993306E+08  8.3469015197E+00  6.134082E-01  3.940087E-01  2.403765E-01  0.000000E+00  1.659431E+00  4.097755E+14  5.673509E-01  1.215746E-08
  267 12.8458959  6.2479724 -1.5343092  2.4853391491E+33  1.0132971261E+11  2.5223583289E+34  3.5374009145E+08  8.4325250775E+00  6.132447E-01  3.940301E-01  2.410885E-01  0.000000E+00  1.659411E+00  3.982531E+14  5.774622E-01  9.073142E-09
  268 12.7910931  6.2347350 -1.5759896  2.4922142228E+33  1.0320909672E+11  2.5223318589E+34  3.5396362509E+08  8.5295949524E+00  6.130657E-01  3.939586E-01  2.421530E-01  0.000000E+00  1.659301E+00  3.863739E+14  5.881725E-01  6.670846E-09
  269 12.7330434  6.2206367 -1.6200587  2.4990892965E+33  1.0520723470E+11  2.5223078215E+34  3.5434961423E+08  8.6436281419E+00  6.128961E-01  3.938224E-01  2.437815E-01  0.000000E+00  1.659080E+00  3.740842E+14  5.995596E-01  4.816938E-09
  270 12.6712703  6.2055104 -1.6668870  2.5059643702E+33  1.0734072920E+11  2.5222866325E+34  3.5464786827E+08  8.7804310848E+00  6.126416E-01  3.937358E-01  2.462383E-01  0.000000E+00  1.658926E+00  3.613968E+14  6.117181E-01  3.403176E-09
  271 12.6216127  6.1934295 -1.7047242  2.5111206755E+33  1.0902656091E+11  2.5222725908E+34  3.5483974614E+08  8.8952113267E+00  6.122853E-01  3.937141E-01  2.481800E-01  0.000000E+00  1.658884E+00  3.516842E+14  6.213254E-01  2.576831E-09
  272 12.5873083  6.1848624 -1.7304113  2.5145582124E+33  1.1021487529E+11  2.5222647004E+34  3.5467866155E+08  9.0194056152E+00  6.123665E-01  3.937408E-01  2.512794E-01  0.000000E+00  1.658904E+00  3.447789E+14  6.280974E-01  2.115686E-09
  273 12.5516785  6.1758480 -1.7571717  2.5179957492E+33  1.1144983212E+11  2.5222579874E+34  3.5455352531E+08  9.1511700717E+00  6.121830E-01  3.938113E-01  2.548525E-01  0.000000E+00  1.658965E+00  3.378215E+14  6.351352E-01  1.721570E-09
  274 12.5146004  6.1663131 -1.7847952  2.5214332861E+33  1.1273519595E+11  2.5222526320E+34  3.5476315861E+08  9.3108895146E+00  6.120626E-01  3.937528E-01  2.595803E-01  0.000000E+00  1.658867E+00  3.305271E+14  6.424603E-01  1.384134E-09
  275 12.4759320  6.1561584 -1.8134098  2.5248708230E+33  1.1407503004E+11  2.5222488702E+34  3.5490888740E+08  9.5032314041E+00  6.119032E-01  3.937268E-01  2.657724E-01  0.000000E+00  1.658812E+00  3.229527E+14  6.500958E-01  1.097402E-09
  276 12.4355080  6.1452491 -1.8430337  2.5283083598E+33  1.1547383449E+11  2.5222470133E+34  3.5494791658E+08  9.7416760006E+00  6.117248E-01  3.937431E-01  2.740907E-01  0.000000E+00  1.658820E+00  3.150220E+14  6.580674E-01  8.552990E-10
  277 12.3931336  6.1333936 -1.8736549  2.5317458967E+33  1.1693645591E+11  2.5222474865E+34  3.5481892090E+08  1.0045981625E+01  6.115465E-01  3.938171E-01  2.855686E-01  0.000000E+00  1.658914E+00  3.066284E+14  6.664026E-01  6.524657E-10
  278 12.3485767  6.1203076 -1.9052177  2.5351834335E+33  1.1846798105E+11  2.5222509013E+34  3.5488334254E+08  1.0446425493E+01  6.113495E-01  3.938161E-01  3.019147E-01  0.000000E+00  1.658918E+00  2.975907E+14  6.751305E-01  4.842878E-10
  279 12.3015563  6.1055399 -1.9375700  2.5386209704E+33  1.2007344341E+11  2.5222581910E+34  3.5490145213E+08  1.0996515352E+01  6.111242E-01  3.938502E-01  3.263134E-01  0.000000E+00  1.658969E+00  2.877163E+14  6.842798E-01  3.459610E-10
  280 12.2517253  6.0882863 -1.9702415  2.5420585073E+33  1.2175699818E+11  2.5222709113E+34  3.5461174758E+08  1.1824066866E+01  6.108804E-01  3.940194E-01  3.662222E-01  0.000000E+00  1.659217E+00  2.766114E+14  6.938741E-01  2.340157E-10
  281 12.1986507  6.0681037 -2.0031981  2.5454960441E+33  1.2352734788E+11  2.5222901153E+34  3.5426159143E+08  1.3026147955E+01  6.106065E-01  3.942169E-01  4.294040E-01  3.942174E-01  1.659324E+00  2.641070E+14  7.039631E-01  1.475248E-10
  282 12.1560667  6.0514774 -2.0344541  2.5480741968E+33  1.2491046947E+11  2.5223071090E+34  3.5803900076E+08  1.3584252499E+01  6.030669E-01  3.943791E-01  4.726833E-01  3.943800E-01  1.659549E+00  2.573421E+14  7.118453E-01  1.026792E-10
  283 12.1265450  6.0398320 -2.0522419  2.5497929652E+33  1.2587178052E+11  2.5223187598E+34  3.5770726115E+08  1.4409994307E+01  6.030725E-01  3.945002E-01  5.211553E-01  3.945014E-01  1.659747E+00  2.505122E+14  7.173236E-01  7.742899E-11
  284 12.0958480  6.0277199 -2.0707247  2.5515117336E+33  1.2685869968E+11  2.5223305992E+34  3.5750685712E+08  1.5320254992E+01  6.030727E-01  3.945789E-01  5.768068E-01  3.945804E-01  1.659916E+00  2.435896E+14  7.229479E-01  5.725627E-11
  285 12.0638573  6.0150941 -2.0899899  2.5532305021E+33  1.2787333137E+11  2.5223423143E+34  3.5724048917E+08  1.6325248195E+01  6.030877E-01  3.946848E-01  6.409824E-01  3.946866E-01  1.660062E+00  2.365765E+14  7.287302E-01  4.145312E-11
  286 12.0304356  6.0018992 -2.1101204  2.5549492705E+33  1.2891809458E+11  2.5223536852E+34  3.5687398851E+08  1.7437477665E+01  6.031082E-01  3.948270E-01  7.153814E-01  3.948291E-01  1.660251E+00  2.294720E+14  7.346841E-01  2.930548E-11
  287 11.9954225  5.9880711 -2.1311944  2.5566680389E+33  1.2999574289E+11  2.5223647058E+34  3.5663675923E+08  1.8615950730E+01  6.031273E-01  3.949440E-01  7.997387E-01  3.949464E-01  1.660519E+00  2.222597E+14  7.408255E-01  2.014486E-11
  288 11.9623361  5.9750338 -2.1511459  2.5582149305E+33  1.3099470413E+11  2.5223743376E+34  3.5638304319E+08  1.9807850817E+01  6.031502E-01  3.950712E-01  8.885920E-01  3.950738E-01  1.660804E+00  2.156753E+14  7.465184E-01  1.398831E-11
  289 11.9316304  5.9628991 -2.1696328  2.5595899452E+33  1.3191091790E+11  2.5223826406E+34  3.5607034626E+08  2.1019002220E+01  6.031721E-01  3.952190E-01  9.819248E-01  3.952219E-01  1.661073E+00  2.097258E+14  7.517397E-01  9.870565E-12
  290 11.8995228  5.9502054 -2.1889599  2.5609649600E+33  1.3285451470E+11  2.5223907083E+34  3.5575427975E+08  2.2409006546E+01  6.031907E-01  3.953684E-01  1.092255E+00  3.953716E-01  1.661373E+00  2.036807E+14  7.571172E-01  6.786172E-12
  291 11.8658571  5.9368914 -2.2092115  2.5623399747E+33  1.3382796926E+11  2.5223985370E+34  3.5560218589E+08  2.4097117574E+01  6.032073E-01  3.954579E-01  1.228075E+00  3.954614E-01  1.661621E+00  1.975152E+14  7.626647E-01  4.521124E-12
  292 11.8304491  5.9228841 -2.2305146  2.5637149895E+33  1.3483415172E+11  2.5224061232E+34  3.5535137992E+08  2.6057047750E+01  6.032259E-01  3.955914E-01  1.391793E+00  3.955953E-01  1.661945E+00  1.912407E+14  7.683988E-01  2.911554E-12
  293 11.7930796  5.9080943 -2.2529990  2.5650900042E+33  1.3587642616E+11  2.5224134613E+34  3.5497616473E+08  2.8300988835E+01  6.032337E-01  3.957797E-01  1.588581E+00  3.957840E-01  1.662341E+00  1.848411E+14  7.743386E-01  1.801474E-12
  294 11.7534846  5.8924173 -2.2767972  2.5664650190E+33  1.3695871728E+11  2.5224205449E+34  3.5477630162E+08  3.0873382346E+01  6.032204E-01  3.958840E-01  1.826725E+00  3.958886E-01  1.662674E+00  1.782744E+14  7.805064E-01  1.063315E-12
  295 11.7113426  5.8757271 -2.3021284  2.5678400337E+33  1.3808570037E+11  2.5224273689E+34  3.5463147988E+08  3.3822691282E+01  6.032247E-01  3.959709E-01  2.116823E+00  3.959760E-01  1.662888E+00  1.715276E+14  7.869289E-01  5.937515E-13
  296 11.6662558  5.8578641 -2.3292403  2.5692150484E+33  1.3926306052E+11  2.5224339269E+34  3.5434994740E+08  3.7252336366E+01  6.032471E-01  3.961245E-01  2.476074E+00  3.961301E-01  1.663199E+00  1.646039E+14  7.936385E-01  3.104910E-13
  297 11.6177243  5.8386280 -2.3584073  2.5705900632E+33  1.4049772537E+11  2.5224402094E+34  3.5407926153E+08  4.1271567279E+01  6.032706E-01  3.962560E-01  2.927136E+00  3.962622E-01  1.663604E+00  1.574641E+14  8.006746E-01  1.498321E-13
  298 11.5784989  5.8232215 -2.3821078  2.5716213242E+33  1.4145985334E+11  2.5224447630E+34  3.5408586210E+08  4.4720110436E+01  6.032863E-01  3.962443E-01  3.338273E+00  3.962510E-01  1.663698E+00  1.519432E+14  8.061576E-01  8.151631E-14
  299 11.5510160  5.8123295 -2.3986243  2.5723088316E+33  1.4212844925E+11  2.5224476914E+34  3.5403661602E+08  4.7307587014E+01  6.032969E-01  3.962627E-01  3.663694E+00  3.962698E-01  1.663790E+00  1.481627E+14  8.099679E-01  5.237015E-14
  300 11.5222414  5.8009246 -2.4159223  2.5729963390E+33  1.4281698939E+11  2.5224505456E+34  3.5395726272E+08  5.0137511801E+01  6.033124E-01  3.962983E-01  4.035344E+00  3.963057E-01  1.663911E+00  1.443091E+14  8.138917E-01  3.256535E-14
  301 11.4920348  5.7889504 -2.4340879  2.5736838464E+33  1.4352724329E+11  2.5224533238E+34  3.5381095025E+08  5.3233685317E+01  6.033274E-01  3.963643E-01  4.461484E+00  3.963722E-01  1.664077E+00  1.403771E+14  8.179394E-01  1.949762E-14
  302 11.4602313  5.7763404 -2.4532112  2.5743713537E+33  1.4426124181E+11  2.5224560240E+34  3.5363560271E+08  5.6636477559E+01  6.033397E-01  3.964414E-01  4.953471E+00  3.964498E-01  1.664291E+00  1.363552E+14  8.221223E-01  1.117824E-14
  303 11.4266354  5.7630184 -2.4733816  2.5750588611E+33  1.4502130987E+11  2.5224586442E+34  3.5363871522E+08  6.0392659459E+01  6.033458E-01  3.964248E-01  5.525533E+00  3.964337E-01  1.664366E+00  1.322105E+14  8.264538E-01  6.106620E-15
  304 11.3910130  5.7488925 -2.4947815  2.5757463685E+33  1.4581018719E+11  2.5224611827E+34  3.5358307586E+08  6.4551370969E+01  6.033414E-01  3.964312E-01  6.195287E+00  3.964406E-01  1.664402E+00  1.279537E+14  8.309495E-01  3.152415E-15
  305 11.3530804  5.7338494 -2.5175636  2.5764338759E+33  1.4663114011E+11  2.5224636371E+34  3.5354054985E+08  6.9150421444E+01  6.033526E-01  3.964423E-01  6.983533E+00  3.964524E-01  1.664466E+00  1.235717E+14  8.356280E-01  1.519801E-15
  306 11.3124889  5.7177506 -2.5419323  2.5771213832E+33  1.4748805888E+11  2.5224660049E+34  3.5354712755E+08  7.4353264672E+01  6.033913E-01  3.964457E-01  7.929915E+00  3.964565E-01  1.664575E+00  1.190487E+14  8.405114E-01  6.774076E-16
  307 11.2688037  5.7004227 -2.5681748  2.5778088906E+33  1.4838569167E+11  2.5224682832E+34  3.5347672622E+08  8.0334796359E+01  6.034342E-01  3.964780E-01  9.086214E+00  3.964897E-01  1.664724E+00  1.143723E+14  8.456269E-01  2.744596E-16
  308 11.2214721  5.6816467 -2.5965785  2.5784963980E+33  1.4932987482E+11  2.5224704687E+34  3.5353364625E+08  8.7354382920E+01  6.034654E-01  3.964504E-01  1.052983E+01  3.964632E-01  1.664883E+00  1.095051E+14  8.510077E-01  9.877424E-17
  309 11.1830233  5.6665334 -2.6198106  2.5790120285E+33  1.5006747944E+11  2.5224720541E+34  3.5352447975E+08  9.3440909564E+01  6.034812E-01  3.964549E-01  1.184653E+01  3.964685E-01  1.665031E+00  1.057441E+14  8.552112E-01  4.195368E-17
  310 11.1559187  5.6557850 -2.6361012  2.5793557822E+33  1.5058150680E+11  2.5224730740E+34  3.5347457267E+08  9.8095085601E+01  6.034906E-01  3.964776E-01  1.289831E+01  3.964918E-01  1.665147E+00  1.031508E+14  8.581405E-01  2.242278E-17
  311 11.1274170  5.6444825 -2.6532029  2.5796995359E+33  1.5111199505E+11  2.5224740682E+34  3.5354247654E+08  1.0332053272E+02  6.035001E-01  3.964398E-01  1.411636E+01  3.964547E-01  1.665217E+00  1.004826E+14  8.611637E-01  1.141039E-17
  312 11.0973561  5.6325625 -2.6712439  2.5800432896E+33  1.5166046577E+11  2.5224750362E+34  3.5361819659E+08  1.0924416791E+02  6.035110E-01  3.963996E-01  1.554160E+01  3.964154E-01  1.665238E+00  9.774089E+13  8.642893E-01  5.491401E-18
  313 11.0655441  5.6199487 -2.6903454  2.5803870432E+33  1.5222871069E+11  2.5224759773E+34  3.5366603187E+08  1.1600527851E+02  6.035220E-01  3.963765E-01  1.722506E+01  3.963932E-01  1.665292E+00  9.492487E+13  8.675277E-01  2.479382E-18
  314 11.0317508  5.6065491 -2.7106482  2.5807307969E+33  1.5281883497E+11  2.5224768905E+34  3.5366282250E+08  1.2380729330E+02  6.035352E-01  3.963777E-01  1.923874E+01  3.963953E-01  1.665381E+00  9.202641E+13  8.708907E-01  1.035058E-18
  315 10.9956969  5.5922538 -2.7322729  2.5810745506E+33  1.5343329867E+11  2.5224777750E+34  3.5379167497E+08  1.3292317735E+02  6.035624E-01  3.962985E-01  2.168206E+01  3.963173E-01  1.665416E+00  8.902100E+13  8.743924E-01  3.963813E-19
  316 10.9570391  5.5769289 -2.7554554  2.5814183043E+33  1.5407503968E+11  2.5224786297E+34  3.5397250089E+08  1.4367202986E+02  6.036072E-01  3.961880E-01  2.468633E+01  3.962081E-01  1.665338E+00  8.590076E+13  8.780496E-01  1.365833E-19
  317 10.9153485  5.5604043 -2.7804845  2.5817620580E+33  1.5474767691E+11  2.5224794537E+34  3.5409901601E+08  1.5657079045E+02  6.036380E-01  3.961040E-01  2.845411E+01  3.961256E-01  1.665318E+00  8.266663E+13  8.818829E-01  4.155168E-20
  318 10.8700798  5.5424631 -2.8076790  2.5821058117E+33  1.5545569404E+11  2.5224802455E+34  3.5418762976E+08  1.7241848606E+02  6.036526E-01  3.960363E-01  3.330093E+01  3.960597E-01  1.665373E+00  7.929946E+13  8.859177E-01  1.080134E-20
  319 10.8332687  5.5280050 -2.8298638  2.5823636269E+33  1.5600907521E+11  2.5224808207E+34  3.5449939145E+08  1.8672965172E+02  6.036802E-01  3.958491E-01  3.784984E+01  3.958740E-01  1.665272E+00  7.666863E+13  8.890714E-01  3.502064E-21
  320 10.8072586  5.5177077 -2.8454707  2.5825355038E+33  1.5639486835E+11  2.5224811913E+34  3.5468467857E+08  1.9790867365E+02  6.036996E-01  3.957338E-01  4.153993E+01  3.957598E-01  1.665181E+00  7.484979E+13  8.912700E-01  1.534429E-21
  321 10.7798739  5.5068690 -2.8619143  2.5827073806E+33  1.5679316684E+11  2.5224815531E+34  3.5485218215E+08  2.1060277869E+02  6.037220E-01  3.956250E-01  4.585707E+01  3.956523E-01  1.665088E+00  7.298362E+13  8.935398E-01  6.299888E-22
  322 10.7509544  5.4954254 -2.8792966  2.5828792575E+33  1.5720515493E+11  2.5224819057E+34  3.5498601973E+08  2.2510399342E+02  6.037472E-01  3.955315E-01  5.095086E+01  3.955602E-01  1.665008E+00  7.106690E+13  8.958877E-01  2.401826E-22
  323 10.7203096  5.4833013 -2.8977241  2.5830511343E+33  1.5763220664E+11  2.5224822488E+34  3.5510140746E+08  2.4181825871E+02  6.037732E-01  3.954471E-01  5.702693E+01  3.954773E-01  1.664924E+00  6.909207E+13  8.983214E-01  8.412091E-23
  324 10.6877110  5.4704077 -2.9173023  2.5832230111E+33  1.5807591193E+11  2.5224825820E+34  3.5533224515E+08  2.6135611447E+02  6.038160E-01  3.952897E-01  6.438294E+01  3.953217E-01  1.664817E+00  6.704705E+13  9.008500E-01  2.672379E-23
  325 10.6528812  5.4566374 -2.9382078  2.5833948880E+33  1.5853814415E+11  2.5224829052E+34  3.5567018673E+08  2.8448159671E+02  6.038770E-01  3.950659E-01  7.342005E+01  3.950998E-01  1.664580E+00  6.492227E+13  9.034842E-01  7.528647E-24
  326 10.6154788  5.4418570 -2.9606900  2.5835667648E+33  1.5902118175E+11  2.5224832179E+34  3.5596845593E+08  3.1229608205E+02  6.039392E-01  3.948662E-01  8.472617E+01  3.949024E-01  1.664401E+00  6.272301E+13  9.062369E-01  1.852151E-24
  327 10.5750767  5.4258989 -2.9849402  2.5837386417E+33  1.5952778061E+11  2.5224835198E+34  3.5636664897E+08  3.4629483543E+02  6.039982E-01  3.946150E-01  9.915131E+01  3.946538E-01  1.664179E+00  6.042507E+13  9.091239E-01  3.851278E-25
  328 10.5311311  5.4085504 -3.0113401  2.5839105185E+33  1.6006134131E+11  2.5224838102E+34  3.5674439609E+08  3.8852150990E+02  6.040584E-01  3.943612E-01  1.179471E+02  3.944030E-01  1.663886E+00  5.802229E+13  9.121646E-01  6.549259E-26
  329 10.4829341  5.3895345 -3.0403059  2.5840823954E+33  1.6062617536E+11  2.5224840886E+34  3.5721128496E+08  4.4225537797E+02  6.041432E-01  3.940499E-01  1.431472E+02  3.940954E-01  1.663548E+00  5.549775E+13  9.153835E-01  8.639756E-27
  330 10.4433612  5.3740787 -3.0642424  2.5842113030E+33  1.6106982652E+11  2.5224842905E+34  3.5766466981E+08  4.9236137764E+02  6.042000E-01  3.937632E-01  1.677345E+02  3.938119E-01  1.663246E+00  5.352544E+13  9.179118E-01  1.551375E-27
  331 10.4151500  5.3629696 -3.0811892  2.5842972414E+33  1.6138092225E+11  2.5224844202E+34  3.5805933428E+08  5.3268503603E+02  6.042822E-01  3.934950E-01  1.883734E+02  3.935461E-01  1.662949E+00  5.214565E+13  9.196847E-01  4.358159E-28
  332 10.3852214  5.3511918 -3.0991889  2.5843831798E+33  1.6170352721E+11  2.5224845465E+34  3.5843401766E+08  5.7964035963E+02  6.043578E-01  3.932291E-01  2.132436E+02  3.932829E-01  1.662633E+00  5.072320E+13  9.215232E-01  1.095135E-28
  333 10.3533459  5.3386571 -3.1183478  2.5844691183E+33  1.6203887381E+11  2.5224846693E+34  3.5897661413E+08  6.3501340255E+02  6.044321E-01  3.928730E-01  2.436403E+02  3.929298E-01  1.662230E+00  4.924758E+13  9.234343E-01  2.411182E-29
  334 10.3192442  5.3252585 -3.1388675  2.5845550567E+33  1.6238842517E+11  2.5224847885E+34  3.5952298085E+08  7.0081958524E+02  6.045232E-01  3.925073E-01  2.812229E+02  3.925676E-01  1.661810E+00  4.771921E+13  9.254263E-01  4.545781E-30
  335 10.2825722  5.3108650 -3.1609219  2.5846409951E+33  1.6275393742E+11  2.5224849039E+34  3.6026038058E+08  7.7994702631E+02  6.046444E-01  3.920005E-01  3.283956E+02  3.920646E-01  1.661147E+00  4.612136E+13  9.275093E-01  7.175930E-31
  336 10.2428985  5.2953131 -3.1848089  2.5847269335E+33  1.6313755168E+11  2.5224850154E+34  3.6108970289E+08  8.7635848142E+02  6.047544E-01  3.914368E-01  3.886273E+02  3.915054E-01  1.660464E+00  4.445667E+13  9.296955E-01  9.053635E-32
  337 10.1996725  5.2783944 -3.2108355  2.5848128719E+33  1.6354192338E+11  2.5224851228E+34  3.6211667456E+08  9.9573832226E+02  6.048899E-01  3.907248E-01  4.671227E+02  3.907987E-01  1.659352E+00  4.270183E+13  9.319999E-01  8.780495E-33
  338 10.1521762  5.2598420 -3.2394399  2.5848988104E+33  1.6397039317E+11  2.5224852259E+34  3.6353320268E+08  1.1458677410E+03  6.051043E-01  3.897357E-01  5.716355E+02  3.898157E-01  1.657974E+00  4.085016E+13  9.344417E-01  6.109366E-34
  339 10.1131270  5.2447619 -3.2631544  2.5849632642E+33  1.6430720106E+11  2.5224853006E+34  3.6465223590E+08  1.2837988413E+03  6.052785E-01  3.889506E-01  6.725775E+02  3.890361E-01  1.656743E+00  3.940366E+13  9.363611E-01  6.383768E-35
  340 10.0852372  5.2339201 -3.2799651  2.5850062334E+33  1.6454366993E+11  2.5224853487E+34  3.6583869709E+08  1.3937440056E+03  6.054331E-01  3.881148E-01  7.566558E+02  3.882044E-01  1.655635E+00  3.838548E+13  9.377087E-01  1.202898E-35
  341 10.0706333  5.2283086 -3.2893709  2.5850277180E+33  1.6466405845E+11  2.5224853725E+34  3.6678259469E+08  1.4472728354E+03  6.047796E-01  3.877338E-01  8.000262E+02  3.878256E-01  1.654976E+00  3.791368E+13  9.383948E-01  5.006444E-36
