#MESH      LOG P      LOG T    LOG RHO             MASSA            RAGGIO        LUMINOSITA                CP           OPACITA          PMOL     GR.ADIAB.   GR.RADIADT.     GR.SUPAD.        Q(MLT)       SCR(Li)       SCR(Be)        SCR(B)         Gam.1          Cs^2        R/Rtot
    1 17.1767963  7.1603312  1.8812437  2.6019509764E+26  6.4805995006E+07  1.3050078883E+28  3.4137714487E+08  1.2137502640E+00  6.123989E-01  3.966178E-01  8.235814E-01  3.966178E-01  0.000000E+00  0.000000E+00  0.000000E+00  0.000000E+00  1.664794E+00  3.287858E+15  6.413449E-04
    2 17.1767260  7.1603033  1.8812015  9.1068284173E+26  1.4820170146E+08  4.5653264340E+28  3.4137707729E+08  1.2138395510E+00  6.123989E-01  3.966178E-01  8.233231E-01  3.966178E-01  0.000000E+00  0.000000E+00  0.000000E+00  0.000000E+00  1.664794E+00  3.287646E+15  1.466661E-03
    3 17.1766986  7.1602924  1.8811850  1.9514632323E+27  1.8638158625E+08  9.7780547734E+28  3.4137705089E+08  1.2138744685E+00  6.123989E-01  3.966178E-01  8.229744E-01  3.966178E-01  0.000000E+00  0.000000E+00  0.000000E+00  0.000000E+00  1.664794E+00  3.287563E+15  1.844503E-03
    4 17.1766552  7.1602752  1.8811589  3.9029264646E+27  2.3139315197E+08  1.9545785360E+29  3.4137700926E+08  1.2139295860E+00  6.123989E-01  3.966179E-01  8.226254E-01  3.966179E-01  0.000000E+00  0.000000E+00  0.000000E+00  0.000000E+00  1.664794E+00  3.287433E+15  2.289955E-03
    5 17.1766052  7.1602554  1.8811289  6.5048774410E+27  2.7483575323E+08  3.2561201125E+29  3.4137696135E+08  1.2139931347E+00  6.123989E-01  3.966179E-01  8.223425E-01  3.966179E-01  0.000000E+00  0.000000E+00  0.000000E+00  0.000000E+00  1.664794E+00  3.287282E+15  2.719880E-03
    6 17.1765425  7.1602305  1.8810912  1.0407803906E+28  3.1952485798E+08  5.2063452084E+29  3.4137690135E+08  1.2140728489E+00  6.123989E-01  3.966179E-01  8.219219E-01  3.966179E-01  0.000000E+00  0.000000E+00  0.000000E+00  0.000000E+00  1.664795E+00  3.287093E+15  3.162140E-03
    7 17.1764190  7.1601815  1.8810169  1.9514632323E+28  3.9077473470E+08  9.7489229442E+29  3.4137678343E+08  1.2142299799E+00  6.123989E-01  3.966180E-01  8.210727E-01  3.966180E-01  0.000000E+00  0.000000E+00  0.000000E+00  0.000000E+00  1.664795E+00  3.286721E+15  3.867256E-03
    8 17.1762018  7.1600954  1.8808864  3.9029264646E+28  4.9169263990E+08  1.9454987077E+30  3.4137657726E+08  1.2145062786E+00  6.123989E-01  3.966181E-01  8.196947E-01  3.966181E-01  0.000000E+00  0.000000E+00  0.000000E+00  0.000000E+00  1.664796E+00  3.286067E+15  4.865978E-03
    9 17.1759590  7.1599991  1.8807405  6.5048774410E+28  5.8750161161E+08  3.2356299223E+30  3.4137634871E+08  1.2148152796E+00  6.123989E-01  3.966182E-01  8.184350E-01  3.966182E-01  0.000000E+00  0.000000E+00  0.000000E+00  0.000000E+00  1.664797E+00  3.285337E+15  5.814140E-03
   10 17.1756605  7.1598807  1.8805611  1.0407803906E+29  6.8506050289E+08  5.1609186793E+30  3.4137606989E+08  1.2151953362E+00  6.123989E-01  3.966184E-01  8.164758E-01  3.966184E-01  0.000000E+00  0.000000E+00  0.000000E+00  0.000000E+00  1.664798E+00  3.284438E+15  6.779620E-03
   11 17.1750781  7.1596497  1.8802111  1.9514632323E+29  8.3984489711E+08  9.6163268109E+30  3.4137553300E+08  1.2159375039E+00  6.123990E-01  3.966187E-01  8.125144E-01  3.966187E-01  0.000000E+00  0.000000E+00  0.000000E+00  0.000000E+00  1.664801E+00  3.282686E+15  8.311426E-03
   12 17.1740602  7.1592459  1.8795995  3.9029264646E+29  1.0584710023E+09  1.9035388577E+31  3.4137461956E+08  1.2172364472E+00  6.123990E-01  3.966193E-01  8.061476E-01  3.966193E-01  0.000000E+00  0.000000E+00  0.000000E+00  0.000000E+00  1.664805E+00  3.279625E+15  1.047503E-02
   13 17.1729245  7.1587955  1.8789170  6.5048774410E+29  1.2657907960E+09  3.1413011577E+31  3.4137364323E+08  1.2186875596E+00  6.123991E-01  3.966200E-01  8.003814E-01  3.966200E-01  0.000000E+00  0.000000E+00  0.000000E+00  0.000000E+00  1.664810E+00  3.276213E+15  1.252675E-02
   14 17.1715299  7.1582422  1.8780792  1.0407803906E+30  1.4768787104E+09  4.9539314181E+31  3.4137249102E+08  1.2204740956E+00  6.123992E-01  3.966208E-01  7.915385E-01  3.966208E-01  0.000000E+00  0.000000E+00  0.000000E+00  0.000000E+00  1.664816E+00  3.272027E+15  1.461576E-02
   15 17.1688075  7.1571617  1.8764445  1.9514632323E+30  1.8120934484E+09  9.0236439127E+31  3.4137039693E+08  1.2239759277E+00  6.123993E-01  3.966225E-01  7.740100E-01  3.966225E-01  0.000000E+00  0.000000E+00  0.000000E+00  0.000000E+00  1.664827E+00  3.263865E+15  1.793317E-02
   16 17.1640358  7.1552677  1.8735804  3.9029264646E+30  2.2865371499E+09  1.7211467556E+32  3.4136727526E+08  1.2301521702E+00  6.123994E-01  3.966258E-01  7.466942E-01  3.966258E-01  0.000000E+00  0.000000E+00  0.000000E+00  0.000000E+00  1.664848E+00  3.249601E+15  2.262844E-02
   17 17.1586843  7.1531460  1.8703672  6.5048774410E+30  2.7376439748E+09  2.7409022646E+32  3.4136472075E+08  1.2371221783E+00  6.123994E-01  3.966298E-01  7.227016E-01  3.966298E-01  0.000000E+00  0.000000E+00  0.000000E+00  0.000000E+00  1.664871E+00  3.233685E+15  2.709277E-02
   18 17.1520842  7.1505249  1.8664105  1.0407803906E+31  3.1990233182E+09  4.1066624822E+32  3.4136261485E+08  1.2458282625E+00  6.123992E-01  3.966354E-01  6.876446E-01  3.966354E-01  0.000000E+00  0.000000E+00  0.000000E+00  0.000000E+00  1.664901E+00  3.214120E+15  3.165876E-02
   19 17.1442276  7.1474100  1.8616909  1.5611705858E+31  3.6839982770E+09  5.7579649871E+32  3.4135431104E+08  1.2562779552E+00  6.123989E-01  3.966413E-01  6.550637E-01  3.966413E-01  0.000000E+00  0.000000E+00  0.000000E+00  0.000000E+00  1.664932E+00  3.191048E+15  3.645825E-02
   20 17.1364486  7.1443235  1.8570206  2.1466095555E+31  4.1070415315E+09  7.3844208255E+32  3.4134506853E+08  1.2667713344E+00  6.123985E-01  3.966476E-01  6.225979E-01  3.966476E-01  0.000000E+00  0.000000E+00  0.000000E+00  0.000000E+00  1.664963E+00  3.168347E+15  4.064485E-02
   21 17.1285048  7.1411734  1.8522522  2.7970972996E+31  4.4999198712E+09  8.9874447390E+32  3.4133699286E+08  1.2776184846E+00  6.123979E-01  3.966549E-01  5.928333E-01  3.966549E-01  0.000000E+00  0.000000E+00  0.000000E+00  0.000000E+00  1.664996E+00  3.145327E+15  4.453293E-02
   22 17.1211199  7.1382446  1.8478220  3.4475850437E+31  4.8366038407E+09  1.0401877940E+33  3.4133064226E+08  1.2878355480E+00  6.123971E-01  3.966626E-01  5.667481E-01  3.966626E-01  0.000000E+00  0.000000E+00  0.000000E+00  0.000000E+00  1.665028E+00  3.124060E+15  4.786488E-02
   23 17.1141410  7.1354767  1.8436376  4.0980727878E+31  5.1344033056E+09  1.1658769391E+33  3.4132566798E+08  1.2976108331E+00  6.123963E-01  3.966705E-01  5.435546E-01  3.966705E-01  0.000000E+00  0.000000E+00  0.000000E+00  0.000000E+00  1.665058E+00  3.104079E+15  5.081202E-02
   24 17.1055799  7.1320766  1.8385120  4.9437068551E+31  5.4754701756E+09  1.3077075545E+33  3.4132074399E+08  1.3097935663E+00  6.123949E-01  3.966813E-01  5.160903E-01  3.966813E-01  0.000000E+00  0.000000E+00  0.000000E+00  0.000000E+00  1.665097E+00  3.079692E+15  5.418734E-02
   25 17.0954886  7.1280745  1.8324493  5.9844872457E+31  5.8535665352E+09  1.4601682685E+33  3.4130891889E+08  1.3243278380E+00  6.123947E-01  3.966854E-01  4.879257E-01  3.966854E-01  0.000000E+00  0.000000E+00  0.000000E+00  0.000000E+00  1.665142E+00  3.051340E+15  5.792913E-02
   26 17.0861560  7.1243738  1.8268304  6.9927432490E+31  6.1826494750E+09  1.5861092660E+33  3.4129393589E+08  1.3379768705E+00  6.123959E-01  3.966833E-01  4.640733E-01  3.966833E-01  0.000000E+00  0.000000E+00  0.000000E+00  0.000000E+00  1.665177E+00  3.025422E+15  6.118586E-02
   27 17.0774666  7.1209273  1.8216035  7.9684748652E+31  6.4736711123E+09  1.6905434355E+33  3.4128341634E+08  1.3508938106E+00  6.123970E-01  3.966824E-01  4.434262E-01  3.966824E-01  0.000000E+00  0.000000E+00  0.000000E+00  0.000000E+00  1.665203E+00  3.001444E+15  6.406592E-02
   28 17.0690424  7.1175859  1.8165398  8.9442064813E+31  6.7436139531E+09  1.7807743302E+33  3.4127640633E+08  1.3636082076E+00  6.123982E-01  3.966826E-01  4.248610E-01  3.966826E-01  0.000000E+00  0.000000E+00  0.000000E+00  0.000000E+00  1.665230E+00  2.978357E+15  6.673738E-02
   29 17.0608398  7.1143324  1.8116127  9.9199380975E+31  6.9962525935E+09  1.8710093382E+33  3.4127259704E+08  1.3761735315E+00  6.123994E-01  3.966838E-01  4.107163E-01  3.966838E-01  0.000000E+00  0.000000E+00  0.000000E+00  0.000000E+00  1.665257E+00  2.956026E+15  6.923759E-02
   30 17.0525657  7.1110499  1.8066318  1.0928194101E+32  7.2418940818E+09  1.9803053041E+33  3.4128301533E+08  1.3884012055E+00  6.123797E-01  3.966861E-01  4.025840E-01  3.966861E-01  0.000000E+00  0.000000E+00  0.000000E+00  0.000000E+00  1.665285E+00  2.933746E+15  7.166855E-02
   31 17.0441984  7.1077310  1.8016037  1.1968974491E+32  7.4819547971E+09  2.0983351305E+33  3.4127904960E+08  1.4015459676E+00  6.123795E-01  3.966883E-01  3.976412E-01  3.966883E-01  0.000000E+00  0.000000E+00  0.000000E+00  0.000000E+00  1.665314E+00  2.911326E+15  7.404428E-02
   32 17.0359890  7.1044896  1.7966560  1.3009754882E+32  7.7100296405E+09  2.2090915126E+33  3.4127532383E+08  1.4145288844E+00  6.123796E-01  3.966912E-01  3.929872E-01  0.000000E+00  0.000000E+00  0.000000E+00  0.000000E+00  0.000000E+00  1.665432E+00  2.889748E+15  7.630140E-02
   33 17.0279167  7.1013356  1.7917609  1.4050535272E+32  7.9277223761E+09  2.3130137038E+33  3.4127503021E+08  1.4272407264E+00  6.123799E-01  3.966950E-01  3.884618E-01  0.000000E+00  0.000000E+00  0.000000E+00  0.000000E+00  0.000000E+00  1.665460E+00  2.868732E+15  7.845577E-02
   34 17.0199645  7.0982645  1.7869059  1.5091315663E+32  8.1363297095E+09  2.4103336934E+33  3.4127813484E+08  1.4395540911E+00  6.123804E-01  3.966997E-01  3.839513E-01  0.000000E+00  0.000000E+00  0.000000E+00  0.000000E+00  0.000000E+00  1.665488E+00  2.848394E+15  8.052023E-02
   35 17.0121182  7.0952697  1.7820831  1.6132096054E+32  8.3369145426E+09  2.5012787133E+33  3.4128450287E+08  1.4515122863E+00  6.123809E-01  3.967053E-01  3.794225E-01  0.000000E+00  0.000000E+00  0.000000E+00  0.000000E+00  0.000000E+00  1.665515E+00  2.828678E+15  8.250529E-02
   36 17.0043657  7.0923458  1.7772856  1.7172876444E+32  8.5303599829E+09  2.5861185301E+33  3.4129399999E+08  1.4632167044E+00  6.123815E-01  3.967117E-01  3.748762E-01  0.000000E+00  0.000000E+00  0.000000E+00  0.000000E+00  0.000000E+00  1.665541E+00  2.809541E+15  8.441970E-02
   37 16.9966968  7.0894885  1.7725030  1.8213656835E+32  8.7174098565E+09  2.6651656825E+33  3.4130262313E+08  1.4746429608E+00  6.123821E-01  3.967182E-01  3.702953E-01  0.000000E+00  0.000000E+00  0.000000E+00  0.000000E+00  0.000000E+00  1.665567E+00  2.790975E+15  8.627082E-02
   38 16.9891025  7.0866939  1.7677292  1.9254437225E+32  8.8986978566E+09  2.7387666127E+33  3.4130944094E+08  1.4858231486E+00  6.123826E-01  3.967247E-01  3.656872E-01  0.000000E+00  0.000000E+00  0.000000E+00  0.000000E+00  0.000000E+00  1.665593E+00  2.772951E+15  8.806491E-02
   39 16.9815750  7.0839586  1.7629650  2.0295217616E+32  9.0747672430E+09  2.8072988072E+33  3.4131879734E+08  1.4967692055E+00  6.123831E-01  3.967320E-01  3.610621E-01  0.000000E+00  0.000000E+00  0.000000E+00  0.000000E+00  0.000000E+00  1.665619E+00  2.755407E+15  8.980736E-02
   40 16.9741075  7.0812797  1.7582063  2.1335998006E+32  9.2460874184E+09  2.8711632718E+33  3.4133061061E+08  1.5074854085E+00  6.123837E-01  3.967401E-01  3.564334E-01  0.000000E+00  0.000000E+00  0.000000E+00  0.000000E+00  0.000000E+00  1.665645E+00  2.738316E+15  9.150281E-02
   41 16.9666941  7.0786544  1.7534472  2.2376778397E+32  9.4130684707E+09  2.9307680695E+33  3.4134410692E+08  1.5179714844E+00  6.123847E-01  3.967470E-01  3.518160E-01  0.000000E+00  0.000000E+00  0.000000E+00  0.000000E+00  0.000000E+00  1.665669E+00  2.721671E+15  9.315532E-02
   42 16.9593292  7.0760802  1.7486769  2.3417558787E+32  9.5760725889E+09  2.9865183330E+33  3.4135791796E+08  1.5282198780E+00  6.123872E-01  3.967474E-01  3.472236E-01  0.000000E+00  0.000000E+00  0.000000E+00  0.000000E+00  0.000000E+00  1.665693E+00  2.705498E+15  9.476847E-02
   43 16.9520081  7.0735548  1.7439045  2.4458339178E+32  9.7354193155E+09  3.0388127703E+33  3.4137530410E+08  1.5382511072E+00  6.123894E-01  3.967482E-01  3.426767E-01  0.000000E+00  0.000000E+00  0.000000E+00  0.000000E+00  0.000000E+00  1.665715E+00  2.689703E+15  9.634543E-02
   44 16.9447266  7.0710759  1.7391210  2.5499119569E+32  9.8913918831E+09  3.0880368944E+33  3.4138959440E+08  1.5480592289E+00  6.123903E-01  3.967484E-01  3.381888E-01  0.000000E+00  0.000000E+00  0.000000E+00  0.000000E+00  0.000000E+00  1.665738E+00  2.674314E+15  9.788899E-02
   45 16.9374806  7.0686414  1.7343290  2.6539899959E+32  1.0044243805E+10  3.1345536944E+33  3.4140466800E+08  1.5576554282E+00  6.123905E-01  3.967487E-01  3.337754E-01  0.000000E+00  0.000000E+00  0.000000E+00  0.000000E+00  0.000000E+00  1.665761E+00  2.659281E+15  9.940167E-02
   46 16.9302666  7.0662492  1.7295292  2.7580680350E+32  1.0194201530E+10  3.1787014179E+33  3.4142248612E+08  1.5670479469E+00  6.123902E-01  3.967495E-01  3.294492E-01  0.000000E+00  0.000000E+00  0.000000E+00  0.000000E+00  0.000000E+00  1.665782E+00  2.644573E+15  1.008857E-01
   47 16.9230813  7.0638972  1.7247202  2.8621460740E+32  1.0341468843E+10  3.2207940776E+33  3.4144295004E+08  1.5762424535E+00  6.123897E-01  3.967508E-01  3.252208E-01  0.000000E+00  0.000000E+00  0.000000E+00  0.000000E+00  0.000000E+00  1.665802E+00  2.630175E+15  1.023431E-01
   48 16.9159219  7.0615836  1.7199009  2.9662241131E+32  1.0486230188E+10  3.2611198120E+33  3.4146599429E+08  1.5852446951E+00  6.123888E-01  3.967527E-01  3.210985E-01  0.000000E+00  0.000000E+00  0.000000E+00  0.000000E+00  0.000000E+00  1.665822E+00  2.616071E+15  1.037757E-01
   49 16.9087855  7.0593064  1.7150705  3.0703021521E+32  1.0628653124E+10  3.2999389672E+33  3.4149154617E+08  1.5940607803E+00  6.123875E-01  3.967550E-01  3.170890E-01  0.000000E+00  0.000000E+00  0.000000E+00  0.000000E+00  0.000000E+00  1.665840E+00  2.602246E+15  1.051852E-01
   50 16.9016696  7.0570639  1.7102281  3.1743801912E+32  1.0768890389E+10  3.3374842143E+33  3.4151953617E+08  1.6026970289E+00  6.123859E-01  3.967578E-01  3.131968E-01  0.000000E+00  0.000000E+00  0.000000E+00  0.000000E+00  0.000000E+00  1.665858E+00  2.588686E+15  1.065731E-01
   51 16.8945719  7.0548543  1.7053659  3.2784582302E+32  1.0907082783E+10  3.3739638322E+33  3.4154238792E+08  1.6111485109E+00  6.123837E-01  3.967602E-01  3.094230E-01  0.000000E+00  0.000000E+00  0.000000E+00  0.000000E+00  0.000000E+00  1.665873E+00  2.575418E+15  1.079407E-01
   52 16.8874902  7.0526760  1.7004883  3.3825362693E+32  1.1043359819E+10  3.4095640753E+33  3.4156532493E+08  1.6194296024E+00  6.123813E-01  3.967629E-01  3.057709E-01  0.000000E+00  0.000000E+00  0.000000E+00  0.000000E+00  0.000000E+00  1.665887E+00  2.562402E+15  1.092893E-01
   53 16.8804224  7.0505274  1.6955968  3.4866143084E+32  1.1177839607E+10  3.4444496143E+33  3.4159017699E+08  1.6275495995E+00  6.123786E-01  3.967661E-01  3.022419E-01  0.000000E+00  0.000000E+00  0.000000E+00  0.000000E+00  0.000000E+00  1.665900E+00  2.549615E+15  1.106202E-01
   54 16.8733667  7.0484069  1.6906908  3.5906923474E+32  1.1310630817E+10  3.4787637922E+33  3.4161689299E+08  1.6355151479E+00  6.123759E-01  3.967699E-01  2.988354E-01  0.000000E+00  0.000000E+00  0.000000E+00  0.000000E+00  0.000000E+00  1.665913E+00  2.537045E+15  1.119343E-01
   55 16.8663213  7.0463130  1.6857700  3.6947703865E+32  1.1441833936E+10  3.5126314727E+33  3.4164543613E+08  1.6433327632E+00  6.123729E-01  3.967743E-01  2.955502E-01  0.000000E+00  0.000000E+00  0.000000E+00  0.000000E+00  0.000000E+00  1.665925E+00  2.524682E+15  1.132328E-01
   56 16.8592845  7.0442445  1.6808342  3.7988484255E+32  1.1571542102E+10  3.5461626757E+33  3.4167573755E+08  1.6510092147E+00  6.123699E-01  3.967791E-01  2.923845E-01  0.000000E+00  0.000000E+00  0.000000E+00  0.000000E+00  0.000000E+00  1.665936E+00  2.512515E+15  1.145164E-01
   57 16.8522548  7.0421998  1.6758831  3.9029264646E+32  1.1699841846E+10  3.5794530095E+33  3.4170776638E+08  1.6585508784E+00  6.123667E-01  3.967845E-01  2.893358E-01  0.000000E+00  0.000000E+00  0.000000E+00  0.000000E+00  0.000000E+00  1.665947E+00  2.500535E+15  1.157861E-01
   58 16.8452306  7.0401778  1.6709056  4.0070045036E+32  1.1826815299E+10  3.6125846042E+33  3.4173210695E+08  1.6659463016E+00  6.123670E-01  3.967859E-01  2.863981E-01  0.000000E+00  0.000000E+00  0.000000E+00  0.000000E+00  0.000000E+00  1.665955E+00  2.488790E+15  1.170427E-01
   59 16.8382105  7.0381772  1.6659070  4.1110825427E+32  1.1952539896E+10  3.6456265000E+33  3.4175402650E+08  1.6732104019E+00  6.123691E-01  3.967850E-01  2.835696E-01  0.000000E+00  0.000000E+00  0.000000E+00  0.000000E+00  0.000000E+00  1.665961E+00  2.477242E+15  1.182869E-01
   60 16.8311932  7.0361969  1.6608927  4.2151605817E+32  1.2077086490E+10  3.6786378380E+33  3.4177818918E+08  1.6803582695E+00  6.123710E-01  3.967844E-01  2.808484E-01  0.000000E+00  0.000000E+00  0.000000E+00  0.000000E+00  0.000000E+00  1.665967E+00  2.465852E+15  1.195195E-01
   61 16.8241775  7.0342357  1.6558627  4.3192386208E+32  1.2200520670E+10  3.7116704632E+33  3.4180452445E+08  1.6873960861E+00  6.123729E-01  3.967841E-01  2.782309E-01  0.000000E+00  0.000000E+00  0.000000E+00  0.000000E+00  0.000000E+00  1.665974E+00  2.454613E+15  1.207410E-01
   62 16.8171621  7.0322927  1.6508166  4.4233166599E+32  1.2322903994E+10  3.7447683835E+33  3.4183300314E+08  1.6943295302E+00  6.123746E-01  3.967842E-01  2.757133E-01  0.000000E+00  0.000000E+00  0.000000E+00  0.000000E+00  0.000000E+00  1.665980E+00  2.443517E+15  1.219522E-01
   63 16.8101458  7.0303667  1.6457543  4.5273946989E+32  1.2444294348E+10  3.7779686326E+33  3.4186358654E+08  1.7011642427E+00  6.123762E-01  3.967846E-01  2.732919E-01  0.000000E+00  0.000000E+00  0.000000E+00  0.000000E+00  0.000000E+00  1.665986E+00  2.432557E+15  1.231535E-01
   64 16.8031276  7.0284569  1.6406756  4.6314727380E+32  1.2564746255E+10  3.8113011012E+33  3.4189623887E+08  1.7079057035E+00  6.123777E-01  3.967854E-01  2.709628E-01  0.000000E+00  0.000000E+00  0.000000E+00  0.000000E+00  0.000000E+00  1.665993E+00  2.421726E+15  1.243455E-01
   65 16.7961063  7.0265623  1.6355756  4.7355507770E+32  1.2684311807E+10  3.8447901072E+33  3.4192628735E+08  1.7145509502E+00  6.123790E-01  3.967858E-01  2.687208E-01  0.000000E+00  0.000000E+00  0.000000E+00  0.000000E+00  0.000000E+00  1.666001E+00  2.411048E+15  1.255288E-01
   66 16.7890810  7.0246820  1.6304553  4.8396288161E+32  1.2803040735E+10  3.8784564003E+33  3.4195475102E+08  1.7211072815E+00  6.123800E-01  3.967863E-01  2.665626E-01  0.000000E+00  0.000000E+00  0.000000E+00  0.000000E+00  0.000000E+00  1.666009E+00  2.400508E+15  1.267038E-01
   67 16.7820506  7.0228153  1.6253179  4.9437068551E+32  1.2920979516E+10  3.9123170661E+33  3.4198482384E+08  1.7275851233E+00  6.123806E-01  3.967871E-01  2.644854E-01  0.000000E+00  0.000000E+00  0.000000E+00  0.000000E+00  0.000000E+00  1.666017E+00  2.390079E+15  1.278709E-01
   68 16.7750143  7.0209614  1.6201631  5.0477848942E+32  1.3038171781E+10  3.9463858089E+33  3.4201648282E+08  1.7339893047E+00  6.123806E-01  3.967883E-01  2.624856E-01  0.000000E+00  0.000000E+00  0.000000E+00  0.000000E+00  0.000000E+00  1.666025E+00  2.379758E+15  1.290307E-01
   69 16.7679710  7.0191194  1.6149908  5.1518629332E+32  1.3154658959E+10  3.9806728368E+33  3.4204970697E+08  1.7403245037E+00  6.123803E-01  3.967899E-01  2.605597E-01  0.000000E+00  0.000000E+00  0.000000E+00  0.000000E+00  0.000000E+00  1.666033E+00  2.369538E+15  1.301835E-01
   70 16.7600454  7.0170619  1.6091569  5.2689507272E+32  1.3284868328E+10  4.0195302587E+33  3.4208885035E+08  1.7473745567E+00  6.123793E-01  3.967921E-01  2.584796E-01  0.000000E+00  0.000000E+00  0.000000E+00  0.000000E+00  0.000000E+00  1.666041E+00  2.358164E+15  1.314721E-01
   71 16.7512176  7.0147900  1.6026413  5.3990482760E+32  1.3428672790E+10  4.0630297341E+33  3.4213469361E+08  1.7551205225E+00  6.123775E-01  3.967951E-01  2.562648E-01  0.000000E+00  0.000000E+00  0.000000E+00  0.000000E+00  0.000000E+00  1.666049E+00  2.345655E+15  1.328953E-01
   72 16.7423745  7.0125332  1.5960896  5.5291458248E+32  1.3571572962E+10  4.1068972603E+33  3.4217454763E+08  1.7627680978E+00  6.123753E-01  3.967965E-01  2.541465E-01  0.000000E+00  0.000000E+00  0.000000E+00  0.000000E+00  0.000000E+00  1.666057E+00  2.333322E+15  1.343095E-01
   73 16.7335144  7.0102904  1.5895076  5.6592433736E+32  1.3713635584E+10  4.1511359970E+33  3.4221527375E+08  1.7703359847E+00  6.123725E-01  3.967985E-01  2.521206E-01  0.000000E+00  0.000000E+00  0.000000E+00  0.000000E+00  0.000000E+00  1.666064E+00  2.321124E+15  1.357154E-01
   74 16.7246358  7.0080606  1.5828959  5.7893409225E+32  1.3854922694E+10  4.1957452099E+33  3.4225790177E+08  1.7778332744E+00  6.123689E-01  3.968013E-01  2.501819E-01  0.000000E+00  0.000000E+00  0.000000E+00  0.000000E+00  0.000000E+00  1.666070E+00  2.309049E+15  1.371136E-01
   75 16.7157371  7.0058426  1.5762539  5.9194384713E+32  1.3995493002E+10  4.2407216475E+33  3.4230238092E+08  1.7852676314E+00  6.123647E-01  3.968050E-01  2.483251E-01  0.000000E+00  0.000000E+00  0.000000E+00  0.000000E+00  0.000000E+00  1.666075E+00  2.297089E+15  1.385047E-01
   76 16.7077028  7.0038548  1.5702436  6.0365262652E+32  1.4121468059E+10  4.2814958963E+33  3.4234408894E+08  1.7919076625E+00  6.123603E-01  3.968090E-01  2.467170E-01  0.000000E+00  0.000000E+00  0.000000E+00  0.000000E+00  0.000000E+00  1.666079E+00  2.286413E+15  1.397514E-01
   77 16.6970095  7.0012230  1.5622293  6.1926433238E+32  1.4288489774E+10  4.3364069247E+33  3.4239831602E+08  1.8007139934E+00  6.123550E-01  3.968144E-01  2.446852E-01  0.000000E+00  0.000000E+00  0.000000E+00  0.000000E+00  0.000000E+00  1.666084E+00  2.272360E+15  1.414044E-01
   78 16.6826452  6.9977268  1.5514096  6.4007994019E+32  1.4510158022E+10  4.4102688335E+33  3.4246314452E+08  1.8125517530E+00  6.123541E-01  3.968137E-01  2.421312E-01  0.000000E+00  0.000000E+00  0.000000E+00  0.000000E+00  0.000000E+00  1.666095E+00  2.253903E+15  1.435981E-01
   79 16.6708931  6.9948969  1.5425273  6.5699262154E+32  1.4689451080E+10  4.4708433233E+33  3.4251938752E+08  1.8221934501E+00  6.123551E-01  3.968112E-01  2.401709E-01  0.000000E+00  0.000000E+00  0.000000E+00  0.000000E+00  0.000000E+00  1.666103E+00  2.239070E+15  1.453724E-01
   80 16.6618446  6.9927302  1.5356786  6.7000237642E+32  1.4826824670E+10  4.5178562476E+33  3.4256501615E+08  1.8295994707E+00  6.123564E-01  3.968100E-01  2.387411E-01  0.000000E+00  0.000000E+00  0.000000E+00  0.000000E+00  0.000000E+00  1.666109E+00  2.227765E+15  1.467319E-01
   81 16.6527663  6.9905691  1.5287967  6.8301213130E+32  1.4963828054E+10  4.5651741722E+33  3.4261292367E+08  1.8369907119E+00  6.123580E-01  3.968093E-01  2.373652E-01  0.000000E+00  0.000000E+00  0.000000E+00  0.000000E+00  0.000000E+00  1.666115E+00  2.216534E+15  1.480878E-01
   82 16.6436570  6.9884130  1.5218759  6.9602188618E+32  1.5100503118E+10  4.6127863697E+33  3.4265672829E+08  1.8443630859E+00  6.123610E-01  3.968073E-01  2.360388E-01  0.000000E+00  0.000000E+00  0.000000E+00  0.000000E+00  0.000000E+00  1.666119E+00  2.205399E+15  1.494403E-01
   83 16.6345154  6.9862611  1.5149183  7.0903164106E+32  1.5236890688E+10  4.6606819239E+33  3.4269986149E+08  1.8517267187E+00  6.123647E-01  3.968052E-01  2.347595E-01  0.000000E+00  0.000000E+00  0.000000E+00  0.000000E+00  0.000000E+00  1.666122E+00  2.194341E+15  1.507901E-01
   84 16.6253403  6.9841129  1.5079253  7.2204139595E+32  1.5373029507E+10  4.7088509075E+33  3.4274471203E+08  1.8590903297E+00  6.123685E-01  3.968037E-01  2.335251E-01  0.000000E+00  0.000000E+00  0.000000E+00  0.000000E+00  0.000000E+00  1.666126E+00  2.183347E+15  1.521374E-01
   85 16.6161303  6.9819676  1.5008963  7.3505115083E+32  1.5508956814E+10  4.7572837641E+33  3.4279128249E+08  1.8664589147E+00  6.123724E-01  3.968030E-01  2.323331E-01  0.000000E+00  0.000000E+00  0.000000E+00  0.000000E+00  0.000000E+00  1.666128E+00  2.172413E+15  1.534826E-01
   86 16.6068842  6.9798248  1.4938305  7.4806090571E+32  1.5644708755E+10  4.8059708405E+33  3.4283959616E+08  1.8738371605E+00  6.123763E-01  3.968028E-01  2.311811E-01  0.000000E+00  0.000000E+00  0.000000E+00  0.000000E+00  0.000000E+00  1.666131E+00  2.161537E+15  1.548260E-01
   87 16.5976008  6.9776839  1.4867249  7.6107066059E+32  1.5780320849E+10  4.8549016911E+33  3.4288710708E+08  1.8812258476E+00  6.123805E-01  3.968030E-01  2.300663E-01  0.000000E+00  0.000000E+00  0.000000E+00  0.000000E+00  0.000000E+00  1.666132E+00  2.150726E+15  1.561681E-01
   88 16.5882787  6.9755443  1.4795751  7.7408041547E+32  1.5915828657E+10  4.9040659991E+33  3.4292973781E+08  1.8886223408E+00  6.123847E-01  3.968028E-01  2.289857E-01  0.000000E+00  0.000000E+00  0.000000E+00  0.000000E+00  0.000000E+00  1.666130E+00  2.139994E+15  1.575091E-01
   89 16.5765952  6.9728725  1.4706066  7.9034260908E+32  1.6085107734E+10  4.9658649404E+33  3.4298470300E+08  1.8979294932E+00  6.123901E-01  3.968035E-01  2.276965E-01  0.000000E+00  0.000000E+00  0.000000E+00  0.000000E+00  0.000000E+00  1.666129E+00  2.126655E+15  1.591844E-01
   90 16.5624591  6.9696645  1.4597342  8.0985724140E+32  1.6288195322E+10  5.0404168300E+33  3.4305387241E+08  1.9091281930E+00  6.123967E-01  3.968056E-01  2.261964E-01  0.000000E+00  0.000000E+00  0.000000E+00  0.000000E+00  0.000000E+00  1.666127E+00  2.110731E+15  1.611942E-01
   91 16.5482254  6.9664552  1.4487676  8.2937187372E+32  1.6491324040E+10  5.1154184148E+33  3.4312456068E+08  1.9204053388E+00  6.124030E-01  3.968090E-01  2.247609E-01  0.000000E+00  0.000000E+00  0.000000E+00  0.000000E+00  0.000000E+00  1.666124E+00  2.094909E+15  1.632044E-01
   92 16.5338898  6.9632431  1.4376945  8.4888650604E+32  1.6694600985E+10  5.1908403769E+33  3.4318815217E+08  1.9317570253E+00  6.124055E-01  3.968132E-01  2.233826E-01  0.000000E+00  0.000000E+00  0.000000E+00  0.000000E+00  0.000000E+00  1.666123E+00  2.079229E+15  1.652161E-01
   93 16.5194479  6.9600268  1.4265230  8.6840113837E+32  1.6898130486E+10  5.2666564285E+33  3.4325445069E+08  1.9432194958E+00  6.124076E-01  3.968191E-01  2.220592E-01  0.000000E+00  0.000000E+00  0.000000E+00  0.000000E+00  0.000000E+00  1.666122E+00  2.063630E+15  1.672304E-01
   94 16.5048954  6.9568046  1.4152502  8.8791577069E+32  1.7102012281E+10  5.3428406222E+33  3.4332351477E+08  1.9548077057E+00  6.124090E-01  3.968268E-01  2.207867E-01  0.000000E+00  0.000000E+00  0.000000E+00  0.000000E+00  0.000000E+00  1.666123E+00  2.048105E+15  1.692480E-01
   95 16.4902277  6.9535753  1.4038613  9.0743040301E+32  1.7306347229E+10  5.4193668791E+33  3.4338882052E+08  1.9665139342E+00  6.124049E-01  3.968326E-01  2.195585E-01  0.000000E+00  0.000000E+00  0.000000E+00  0.000000E+00  0.000000E+00  1.666127E+00  2.032706E+15  1.712702E-01
   96 16.4754403  6.9503375  1.3923521  9.2694503534E+32  1.7511237895E+10  5.4962109191E+33  3.4345644641E+08  1.9783514011E+00  6.123967E-01  3.968302E-01  2.183708E-01  0.000000E+00  0.000000E+00  0.000000E+00  0.000000E+00  0.000000E+00  1.666131E+00  2.017424E+15  1.732979E-01
   97 16.4605286  6.9470899  1.3807330  9.4645966766E+32  1.7716782952E+10  5.5733500255E+33  3.4352826107E+08  1.9903609751E+00  6.123894E-01  3.968289E-01  2.172233E-01  0.000000E+00  0.000000E+00  0.000000E+00  0.000000E+00  0.000000E+00  1.666134E+00  2.002192E+15  1.753320E-01
   98 16.4454880  6.9438312  1.3689965  9.6597429998E+32  1.7923078229E+10  5.6507624690E+33  3.4360090550E+08  2.0025504662E+00  6.123830E-01  3.968277E-01  2.161123E-01  0.000000E+00  0.000000E+00  0.000000E+00  0.000000E+00  0.000000E+00  1.666138E+00  1.987021E+15  1.773736E-01
   99 16.4303136  6.9405602  1.3571341  9.8548893231E+32  1.8130221429E+10  5.7284280850E+33  3.4366943806E+08  2.0149264118E+00  6.123776E-01  3.968258E-01  2.150341E-01  0.000000E+00  0.000000E+00  0.000000E+00  0.000000E+00  0.000000E+00  1.666143E+00  1.971931E+15  1.794236E-01
  100 16.4150005  6.9372754  1.3451506  1.0050035646E+33  1.8338309490E+10  5.8063278124E+33  3.4374102605E+08  2.0275211559E+00  6.123731E-01  3.968256E-01  2.139880E-01  0.000000E+00  0.000000E+00  0.000000E+00  0.000000E+00  0.000000E+00  1.666146E+00  1.956875E+15  1.814829E-01
  101 16.3995436  6.9339758  1.3330418  1.0245181970E+33  1.8547437752E+10  5.8844432580E+33  3.4381530805E+08  2.0403505126E+00  6.123695E-01  3.968270E-01  2.129719E-01  0.000000E+00  0.000000E+00  0.000000E+00  0.000000E+00  0.000000E+00  1.666149E+00  1.941850E+15  1.835525E-01
  102 16.3839379  6.9306601  1.3207940  1.0440328293E+33  1.8757704624E+10  5.9627567918E+33  3.4388260799E+08  2.0534132719E+00  6.123715E-01  3.968273E-01  2.119816E-01  0.000000E+00  0.000000E+00  0.000000E+00  0.000000E+00  0.000000E+00  1.666149E+00  1.926893E+15  1.856334E-01
  103 16.3681780  6.9273270  1.3084126  1.0635474616E+33  1.8969209510E+10  6.0412516084E+33  3.4395225834E+08  2.0667450944E+00  6.123738E-01  3.968300E-01  2.110175E-01  0.000000E+00  0.000000E+00  0.000000E+00  0.000000E+00  0.000000E+00  1.666148E+00  1.911961E+15  1.877265E-01
  104 16.3522583  6.9239753  1.2958933  1.0830620939E+33  1.9182050726E+10  6.1199119118E+33  3.4402434287E+08  2.0803643857E+00  6.123765E-01  3.968352E-01  2.100777E-01  0.000000E+00  0.000000E+00  0.000000E+00  0.000000E+00  0.000000E+00  1.666148E+00  1.897049E+15  1.898329E-01
  105 16.3361733  6.9206037  1.2832223  1.1025767262E+33  1.9396330349E+10  6.1987222375E+33  3.4409141182E+08  2.0942724248E+00  6.123826E-01  3.968392E-01  2.091590E-01  0.000000E+00  0.000000E+00  0.000000E+00  0.000000E+00  0.000000E+00  1.666145E+00  1.882192E+15  1.919535E-01
  106 16.3199172  6.9172110  1.2704026  1.1220913586E+33  1.9612152658E+10  6.2776675112E+33  3.4415916802E+08  2.1085037758E+00  6.123893E-01  3.968454E-01  2.082616E-01  0.000000E+00  0.000000E+00  0.000000E+00  0.000000E+00  0.000000E+00  1.666142E+00  1.867354E+15  1.940894E-01
  107 16.3034838  6.9137959  1.2574308  1.1416059909E+33  1.9829621744E+10  6.3567335059E+33  3.4422870737E+08  2.1230818758E+00  6.123960E-01  3.968543E-01  2.073845E-01  0.000000E+00  0.000000E+00  0.000000E+00  0.000000E+00  0.000000E+00  1.666141E+00  1.852528E+15  1.962415E-01
  108 16.2868670  6.9103571  1.2442949  1.1611206232E+33  2.0048845499E+10  6.4359059926E+33  3.4429347551E+08  2.1380150960E+00  6.124032E-01  3.968620E-01  2.065253E-01  0.000000E+00  0.000000E+00  0.000000E+00  0.000000E+00  0.000000E+00  1.666136E+00  1.837734E+15  1.984110E-01
  109 16.2700602  6.9068933  1.2309951  1.1806352555E+33  2.0269934928E+10  6.5151708227E+33  3.4435757508E+08  2.1533366193E+00  6.124106E-01  3.968713E-01  2.056841E-01  0.000000E+00  0.000000E+00  0.000000E+00  0.000000E+00  0.000000E+00  1.666132E+00  1.822949E+15  2.005990E-01
  110 16.2530569  6.9034031  1.2175277  1.2001498879E+33  2.0493002181E+10  6.5945141065E+33  3.4442255031E+08  2.1690740133E+00  6.124180E-01  3.968832E-01  2.048603E-01  0.000000E+00  0.000000E+00  0.000000E+00  0.000000E+00  0.000000E+00  1.666128E+00  1.808163E+15  2.028066E-01
  111 16.2358499  6.8998851  1.2038744  1.2196645202E+33  2.0718165505E+10  6.6739151061E+33  3.4449071273E+08  2.1852540138E+00  6.124185E-01  3.968770E-01  2.040531E-01  0.000000E+00  0.000000E+00  0.000000E+00  0.000000E+00  0.000000E+00  1.666112E+00  1.793410E+15  2.050349E-01
  112 16.2227608  6.8972274  1.1934708  1.2343004944E+33  2.0888278673E+10  6.7334883040E+33  3.4454397607E+08  2.1981825722E+00  6.124176E-01  3.968718E-01  2.034818E-01  0.000000E+00  0.000000E+00  0.000000E+00  0.000000E+00  0.000000E+00  1.666098E+00  1.782340E+15  2.067184E-01
  113 16.2110911  6.8948498  1.1842049  1.2473102493E+33  2.1040903282E+10  6.7864533796E+33  3.4459247069E+08  2.2100691567E+00  6.124165E-01  3.968683E-01  2.030288E-01  0.000000E+00  0.000000E+00  0.000000E+00  0.000000E+00  0.000000E+00  1.666085E+00  1.772488E+15  2.082288E-01
  114 16.1977988  6.8921579  1.1736348  1.2619462235E+33  2.1213655177E+10  6.8460400426E+33  3.4464807279E+08  2.2236746644E+00  6.124142E-01  3.968649E-01  2.025016E-01  0.000000E+00  0.000000E+00  0.000000E+00  0.000000E+00  0.000000E+00  1.666070E+00  1.761397E+15  2.099384E-01
  115 16.1858897  6.8897490  1.1641574  1.2749559784E+33  2.1368457469E+10  6.8990041677E+33  3.4469415468E+08  2.2360470263E+00  6.124081E-01  3.968607E-01  2.020492E-01  0.000000E+00  0.000000E+00  0.000000E+00  0.000000E+00  0.000000E+00  1.666058E+00  1.751550E+15  2.114704E-01
  116 16.1738769  6.8873246  1.1545935  1.2879657333E+33  2.1524406454E+10  6.9519614969E+33  3.4474131853E+08  2.2486734127E+00  6.124020E-01  3.968576E-01  2.016042E-01  0.000000E+00  0.000000E+00  0.000000E+00  0.000000E+00  0.000000E+00  1.666046E+00  1.741688E+15  2.130137E-01
  117 16.1602521  6.8845776  1.1437449  1.3026017076E+33  2.1701350640E+10  7.0115236347E+33  3.4479560854E+08  2.2632282811E+00  6.123950E-01  3.968555E-01  2.011232E-01  0.000000E+00  0.000000E+00  0.000000E+00  0.000000E+00  0.000000E+00  1.666032E+00  1.730575E+15  2.147649E-01
  118 16.1434130  6.8811915  1.1303272  1.3204901205E+33  2.1919736633E+10  7.0842923587E+33  3.4486131686E+08  2.2814837346E+00  6.123872E-01  3.968535E-01  2.005475E-01  0.000000E+00  0.000000E+00  0.000000E+00  0.000000E+00  0.000000E+00  1.666017E+00  1.716980E+15  2.169261E-01
  119 16.1247783  6.8774603  1.1154597  1.3400047528E+33  2.2160642697E+10  7.1636326805E+33  3.4493066218E+08  2.3019510239E+00  6.123804E-01  3.968520E-01  1.999178E-01  0.000000E+00  0.000000E+00  0.000000E+00  0.000000E+00  0.000000E+00  1.666005E+00  1.702139E+15  2.193102E-01
  120 16.1105776  6.8746361  1.1041123  1.3546407271E+33  2.2343032807E+10  7.2231089718E+33  3.4498395194E+08  2.3176137396E+00  6.123755E-01  3.968528E-01  1.994186E-01  0.000000E+00  0.000000E+00  0.000000E+00  0.000000E+00  0.000000E+00  1.665998E+00  1.690985E+15  2.211152E-01
  121 16.0986921  6.8722634  1.0946243  1.3668373723E+33  2.2496762163E+10  7.2726387376E+33  3.4502799282E+08  2.3311138141E+00  6.123725E-01  3.968546E-01  1.990530E-01  0.000000E+00  0.000000E+00  0.000000E+00  0.000000E+00  0.000000E+00  1.665992E+00  1.681670E+15  2.226365E-01
  122 16.0858559  6.8697144  1.0843588  1.3798471272E+33  2.2661924417E+10  7.3254431435E+33  3.4507255801E+08  2.3457156483E+00  6.123744E-01  3.968557E-01  1.986406E-01  0.000000E+00  0.000000E+00  0.000000E+00  0.000000E+00  0.000000E+00  1.665987E+00  1.671740E+15  2.242711E-01
  123 16.0737297  6.8673063  1.0746621  1.3920437724E+33  2.2818263994E+10  7.3749110934E+33  3.4511419368E+08  2.3597555466E+00  6.123764E-01  3.968581E-01  1.982746E-01  0.000000E+00  0.000000E+00  0.000000E+00  0.000000E+00  0.000000E+00  1.665984E+00  1.662412E+15  2.258183E-01
  124 16.0606619  6.8647178  1.0642065  1.4050535272E+33  2.2986482848E+10  7.4276385424E+33  3.4515871172E+08  2.3750388367E+00  6.123788E-01  3.968622E-01  1.978840E-01  0.000000E+00  0.000000E+00  0.000000E+00  0.000000E+00  0.000000E+00  1.665983E+00  1.652441E+15  2.274830E-01
  125 16.0474616  6.8621083  1.0536397  1.4180632821E+33  2.3156306973E+10  7.4803217868E+33  3.4520236185E+08  2.3906697570E+00  6.123817E-01  3.968670E-01  1.974987E-01  0.000000E+00  0.000000E+00  0.000000E+00  0.000000E+00  0.000000E+00  1.665981E+00  1.642449E+15  2.291637E-01
  126 16.0341253  6.8594770  1.0429554  1.4310730370E+33  2.3327791171E+10  7.5329567546E+33  3.4524231413E+08  2.4066523830E+00  6.123860E-01  3.968705E-01  1.971179E-01  0.000000E+00  0.000000E+00  0.000000E+00  0.000000E+00  0.000000E+00  1.665976E+00  1.632445E+15  2.308607E-01
  127 16.0206495  6.8568232  1.0321548  1.4440827919E+33  2.3500991973E+10  7.5855395403E+33  3.4528127994E+08  2.4230077758E+00  6.123904E-01  3.968755E-01  1.967421E-01  0.000000E+00  0.000000E+00  0.000000E+00  0.000000E+00  0.000000E+00  1.665973E+00  1.622417E+15  2.325748E-01
  128 16.0070304  6.8541463  1.0212349  1.4570925468E+33  2.3675967086E+10  7.6380663044E+33  3.4531926491E+08  2.4397482982E+00  6.123949E-01  3.968823E-01  1.963712E-01  0.000000E+00  0.000000E+00  0.000000E+00  0.000000E+00  0.000000E+00  1.665971E+00  1.612363E+15  2.343064E-01
  129 15.9932643  6.8514456  1.0101911  1.4701023017E+33  2.3852776607E+10  7.6905329253E+33  3.4535429923E+08  2.4568860132E+00  6.123965E-01  3.968888E-01  1.960050E-01  0.000000E+00  0.000000E+00  0.000000E+00  0.000000E+00  0.000000E+00  1.665967E+00  1.602284E+15  2.360562E-01
  130 15.9776177  6.8483773  0.9976365  1.4847382759E+33  2.4054088735E+10  7.7494747519E+33  3.4538941513E+08  2.4767144301E+00  6.123948E-01  3.968960E-01  1.956132E-01  0.000000E+00  0.000000E+00  0.000000E+00  0.000000E+00  0.000000E+00  1.665959E+00  1.590909E+15  2.380484E-01
  131 15.9599788  6.8449309  0.9834716  1.5010004695E+33  2.4280541908E+10  7.8148670856E+33  3.4542676561E+08  2.4993266480E+00  6.123923E-01  3.969061E-01  1.951688E-01  0.000000E+00  0.000000E+00  0.000000E+00  0.000000E+00  0.000000E+00  1.665951E+00  1.578227E+15  2.402895E-01
  132 15.9438668  6.8417946  0.9705197  1.5156364437E+33  2.4486947256E+10  7.8736279119E+33  3.4548127085E+08  2.5202141265E+00  6.123889E-01  3.968986E-01  1.947589E-01  0.000000E+00  0.000000E+00  0.000000E+00  0.000000E+00  0.000000E+00  1.665928E+00  1.566763E+15  2.423322E-01
  133 15.9293873  6.8389771  0.9588768  1.5286461986E+33  2.4672819707E+10  7.9257728994E+33  3.4552986003E+08  2.5393238896E+00  6.123824E-01  3.968917E-01  1.944120E-01  0.000000E+00  0.000000E+00  0.000000E+00  0.000000E+00  0.000000E+00  1.665906E+00  1.556543E+15  2.441716E-01
  134 15.9147370  6.8361314  0.9470921  1.5416559535E+33  2.4860901590E+10  7.9778357134E+33  3.4557907805E+08  2.5589215846E+00  6.123757E-01  3.968865E-01  1.940695E-01  0.000000E+00  0.000000E+00  0.000000E+00  0.000000E+00  0.000000E+00  1.665886E+00  1.546287E+15  2.460330E-01
  135 15.8999107  6.8332567  0.9351615  1.5546657084E+33  2.5051269602E+10  8.0298126152E+33  3.4562901981E+08  2.5790247552E+00  6.123687E-01  3.968829E-01  1.937312E-01  0.000000E+00  0.000000E+00  0.000000E+00  0.000000E+00  0.000000E+00  1.665868E+00  1.535995E+15  2.479169E-01
  136 15.8849036  6.8303519  0.9230756  1.5676754633E+33  2.5244004878E+10  8.0816997085E+33  3.4568030200E+08  2.5996428336E+00  6.123612E-01  3.968774E-01  1.933962E-01  0.000000E+00  0.000000E+00  0.000000E+00  0.000000E+00  0.000000E+00  1.665853E+00  1.525684E+15  2.498243E-01
  137 15.8697101  6.8274161  0.9108353  1.5806852182E+33  2.5439192001E+10  8.1334930443E+33  3.4573131150E+08  2.6208078062E+00  6.123529E-01  3.968737E-01  1.930653E-01  0.000000E+00  0.000000E+00  0.000000E+00  0.000000E+00  0.000000E+00  1.665840E+00  1.515333E+15  2.517560E-01
  138 15.8543249  6.8244483  0.8984361  1.5936949730E+33  2.5636917991E+10  8.1851885891E+33  3.4578208255E+08  2.6425406095E+00  6.123436E-01  3.968718E-01  1.927385E-01  0.000000E+00  0.000000E+00  0.000000E+00  0.000000E+00  0.000000E+00  1.665829E+00  1.504940E+15  2.537127E-01
  139 15.8387420  6.8214474  0.8858696  1.6067047279E+33  2.5837274588E+10  8.2367821013E+33  3.4583337636E+08  2.6648582254E+00  6.123376E-01  3.968683E-01  1.924153E-01  0.000000E+00  0.000000E+00  0.000000E+00  0.000000E+00  0.000000E+00  1.665820E+00  1.494516E+15  2.556955E-01
  140 15.8229555  6.8184124  0.8731332  1.6197144828E+33  2.6040357967E+10  8.2882692587E+33  3.4588384938E+08  2.6877895187E+00  6.123320E-01  3.968656E-01  1.920959E-01  0.000000E+00  0.000000E+00  0.000000E+00  0.000000E+00  0.000000E+00  1.665811E+00  1.484048E+15  2.577053E-01
  141 15.8069590  6.8153421  0.8602232  1.6327242377E+33  2.6246267836E+10  8.3396456720E+33  3.4593302306E+08  2.7113637222E+00  6.123252E-01  3.968650E-01  1.917806E-01  0.000000E+00  0.000000E+00  0.000000E+00  0.000000E+00  0.000000E+00  1.665804E+00  1.473532E+15  2.597431E-01
  142 15.7907460  6.8122353  0.8471316  1.6457339926E+33  2.6455108872E+10  8.3909067017E+33  3.4598140329E+08  2.7356011786E+00  6.123213E-01  3.968634E-01  1.914689E-01  0.000000E+00  0.000000E+00  0.000000E+00  0.000000E+00  0.000000E+00  1.665794E+00  1.462970E+15  2.618099E-01
  143 15.7743094  6.8090908  0.8338536  1.6587437474E+33  2.6666991183E+10  8.4420476263E+33  3.4602813541E+08  2.7605354317E+00  6.123196E-01  3.968620E-01  1.911611E-01  0.000000E+00  0.000000E+00  0.000000E+00  0.000000E+00  0.000000E+00  1.665781E+00  1.452358E+15  2.639067E-01
  144 15.7576422  6.8059072  0.8203849  1.6717535023E+33  2.6882029631E+10  8.4930637218E+33  3.4607269046E+08  2.7862004891E+00  6.123172E-01  3.968631E-01  1.908575E-01  0.000000E+00  0.000000E+00  0.000000E+00  0.000000E+00  0.000000E+00  1.665769E+00  1.441690E+15  2.660348E-01
  145 15.7407367  6.8026833  0.8067171  1.6847632572E+33  2.7100344895E+10  8.5439500429E+33  3.4611569698E+08  2.8126228019E+00  6.123168E-01  3.968639E-01  1.905577E-01  0.000000E+00  0.000000E+00  0.000000E+00  0.000000E+00  0.000000E+00  1.665751E+00  1.430967E+15  2.681954E-01
  146 15.7235851  6.7994174  0.7928443  1.6977730121E+33  2.7322064216E+10  8.5947001602E+33  3.4615606662E+08  2.8399163335E+00  6.123185E-01  3.968656E-01  1.902670E-01  0.000000E+00  0.000000E+00  0.000000E+00  0.000000E+00  0.000000E+00  1.665731E+00  1.420187E+15  2.703896E-01
  147 15.7061788  6.7961079  0.7787612  1.7107827670E+33  2.7547320839E+10  8.6453060472E+33  3.4619299996E+08  2.8684116392E+00  6.123201E-01  3.968703E-01  1.900053E-01  0.000000E+00  0.000000E+00  0.000000E+00  0.000000E+00  0.000000E+00  1.665711E+00  1.409345E+15  2.726188E-01
  148 15.6885093  6.7927529  0.7644588  1.7237925219E+33  2.7776255102E+10  8.6957604563E+33  3.4622730630E+08  2.8978154487E+00  6.123225E-01  3.968747E-01  1.897503E-01  0.000000E+00  0.000000E+00  0.000000E+00  0.000000E+00  0.000000E+00  1.665691E+00  1.398443E+15  2.748844E-01
  149 15.6705673  6.7893506  0.7499304  1.7368022767E+33  2.8009015150E+10  8.7460572198E+33  3.4625732919E+08  2.9281721368E+00  6.123252E-01  3.968808E-01  1.895024E-01  0.000000E+00  0.000000E+00  0.000000E+00  0.000000E+00  0.000000E+00  1.665673E+00  1.387480E+15  2.771879E-01
  150 15.6523431  6.7858993  0.7351694  1.7498120316E+33  2.8245756608E+10  8.7961900662E+33  3.4628203053E+08  2.9595344110E+00  6.123283E-01  3.968906E-01  1.892622E-01  0.000000E+00  0.000000E+00  0.000000E+00  0.000000E+00  0.000000E+00  1.665658E+00  1.376447E+15  2.795308E-01
  151 15.6338264  6.7823970  0.7201647  1.7628217865E+33  2.8486644246E+10  8.8461524429E+33  3.4630464814E+08  2.9919427112E+00  6.123290E-01  3.968994E-01  1.890293E-01  0.000000E+00  0.000000E+00  0.000000E+00  0.000000E+00  0.000000E+00  1.665650E+00  1.365355E+15  2.819147E-01
  152 15.6150067  6.7788417  0.7049094  1.7758315414E+33  2.8731852406E+10  8.8959378393E+33  3.4632079786E+08  3.0254532053E+00  6.123290E-01  3.969120E-01  1.888043E-01  0.000000E+00  0.000000E+00  0.000000E+00  0.000000E+00  0.000000E+00  1.665647E+00  1.354192E+15  2.843414E-01
  153 15.5958725  6.7752312  0.6893962  1.7888412963E+33  2.8981564427E+10  8.9455402029E+33  3.4636491548E+08  3.0601306476E+00  6.123297E-01  3.969111E-01  1.885880E-01  0.000000E+00  0.000000E+00  0.000000E+00  0.000000E+00  0.000000E+00  1.665640E+00  1.342943E+15  2.868126E-01
  154 15.5764117  6.7715632  0.6736109  1.8018510511E+33  2.9235975291E+10  8.9949533271E+33  3.4641881751E+08  3.0960218918E+00  6.123266E-01  3.969062E-01  1.883799E-01  0.000000E+00  0.000000E+00  0.000000E+00  0.000000E+00  0.000000E+00  1.665629E+00  1.331616E+15  2.893304E-01
  155 15.5566118  6.7678352  0.6575464  1.8148608060E+33  2.9495292072E+10  9.0441703180E+33  3.4646974999E+08  3.1331980289E+00  6.123221E-01  3.969041E-01  1.881809E-01  0.000000E+00  0.000000E+00  0.000000E+00  0.000000E+00  0.000000E+00  1.665618E+00  1.320203E+15  2.918967E-01
  156 15.5364592  6.7640449  0.6411904  1.8278705609E+33  2.9759734078E+10  9.0931838325E+33  3.4652175950E+08  3.1717282703E+00  6.123188E-01  3.969017E-01  1.879913E-01  0.000000E+00  0.000000E+00  0.000000E+00  0.000000E+00  0.000000E+00  1.665601E+00  1.308699E+15  2.945137E-01
  157 15.5159397  6.7601892  0.6245323  1.8408803158E+33  3.0029534552E+10  9.1419861740E+33  3.4657079550E+08  3.2116878166E+00  6.123167E-01  3.969011E-01  1.878117E-01  0.000000E+00  0.000000E+00  0.000000E+00  0.000000E+00  0.000000E+00  1.665583E+00  1.297101E+15  2.971837E-01
  158 15.4950383  6.7562655  0.6075603  1.8538900707E+33  3.0304941250E+10  9.1905691600E+33  3.4661615991E+08  3.2531556866E+00  6.123159E-01  3.969023E-01  1.876424E-01  0.000000E+00  0.000000E+00  0.000000E+00  0.000000E+00  0.000000E+00  1.665566E+00  1.285405E+15  2.999093E-01
  159 15.4737387  6.7522705  0.5902603  1.8668998256E+33  3.0586218427E+10  9.2389242407E+33  3.4666017537E+08  3.2962193031E+00  6.123192E-01  3.969025E-01  1.874842E-01  0.000000E+00  0.000000E+00  0.000000E+00  0.000000E+00  0.000000E+00  1.665547E+00  1.273607E+15  3.026929E-01
  160 15.4520240  6.7482009  0.5726196  1.8799095804E+33  3.0873648121E+10  9.2870426325E+33  3.4669678146E+08  3.3409719338E+00  6.123232E-01  3.969079E-01  1.873376E-01  0.000000E+00  0.000000E+00  0.000000E+00  0.000000E+00  0.000000E+00  1.665533E+00  1.261704E+15  3.055374E-01
  161 15.4298757  6.7440533  0.5546203  1.8929193353E+33  3.1167532439E+10  9.3349150536E+33  3.4673322097E+08  3.3875025895E+00  6.123295E-01  3.969099E-01  1.872027E-01  0.000000E+00  0.000000E+00  0.000000E+00  0.000000E+00  0.000000E+00  1.665514E+00  1.249694E+15  3.084458E-01
  162 15.4072746  6.7398237  0.5362497  1.9059290902E+33  3.1468194764E+10  9.3825319019E+33  3.4676546340E+08  3.4359320788E+00  6.123364E-01  3.969147E-01  1.870809E-01  0.000000E+00  0.000000E+00  0.000000E+00  0.000000E+00  0.000000E+00  1.665496E+00  1.237566E+15  3.114213E-01
  163 15.3841997  6.7355080  0.5174964  1.9189388451E+33  3.1775978747E+10  9.4298831816E+33  3.4682945926E+08  3.4863892921E+00  6.123372E-01  3.968967E-01  1.869735E-01  0.000000E+00  0.000000E+00  0.000000E+00  0.000000E+00  0.000000E+00  1.665457E+00  1.225284E+15  3.144672E-01
  164 15.3606287  6.7311020  0.4983367  1.9319486000E+33  3.2091253599E+10  9.4769585617E+33  3.4688881768E+08  3.5389898153E+00  6.123356E-01  3.968813E-01  1.868810E-01  0.000000E+00  0.000000E+00  0.000000E+00  0.000000E+00  0.000000E+00  1.665420E+00  1.212874E+15  3.175873E-01
  165 15.3365377  6.7266008  0.4787509  1.9449583548E+33  3.2414418839E+10  9.5237475611E+33  3.4694705415E+08  3.5938673671E+00  6.123318E-01  3.968677E-01  1.868038E-01  0.000000E+00  0.000000E+00  0.000000E+00  0.000000E+00  0.000000E+00  1.665384E+00  1.200332E+15  3.207855E-01
  166 15.3119010  6.7219993  0.4587185  1.9579681097E+33  3.2745905005E+10  9.5702392589E+33  3.4700109306E+08  3.6511698370E+00  6.123283E-01  3.968575E-01  1.867432E-01  0.000000E+00  0.000000E+00  0.000000E+00  0.000000E+00  0.000000E+00  1.665350E+00  1.187649E+15  3.240660E-01
  167 15.2866909  6.7172920  0.4382183  1.9709778646E+33  3.3086176457E+10  9.6164222760E+33  3.4705266564E+08  3.7110692703E+00  6.123260E-01  3.968507E-01  1.867004E-01  0.000000E+00  0.000000E+00  0.000000E+00  0.000000E+00  0.000000E+00  1.665318E+00  1.174816E+15  3.274334E-01
  168 15.2608775  6.7124729  0.4172261  1.9839876195E+33  3.3435735199E+10  9.6622845351E+33  3.4709853963E+08  3.7737375450E+00  6.123259E-01  3.968480E-01  1.866767E-01  0.000000E+00  0.000000E+00  0.000000E+00  0.000000E+00  0.000000E+00  1.665290E+00  1.161827E+15  3.308928E-01
  169 15.2344285  6.7075355  0.3957146  1.9969973744E+33  3.3795126053E+10  9.7078131441E+33  3.4713990005E+08  3.8393718427E+00  6.123283E-01  3.968481E-01  1.866733E-01  0.000000E+00  0.000000E+00  0.000000E+00  0.000000E+00  0.000000E+00  1.665265E+00  1.148675E+15  3.344495E-01
  170 15.2073089  6.7024727  0.3736560  2.0100071293E+33  3.4164941431E+10  9.7529945653E+33  3.4717056844E+08  3.9081827745E+00  6.123322E-01  3.968531E-01  1.866917E-01  0.000000E+00  0.000000E+00  0.000000E+00  0.000000E+00  0.000000E+00  1.665246E+00  1.135354E+15  3.381093E-01
  171 15.1794807  6.6972770  0.3510211  2.0230168841E+33  3.4545825788E+10  9.7978164555E+33  3.4721353646E+08  3.9800028387E+00  6.123346E-01  3.968497E-01  1.867142E-01  0.000000E+00  0.000000E+00  0.000000E+00  0.000000E+00  0.000000E+00  1.665212E+00  1.121835E+15  3.418787E-01
  172 15.1509026  6.6919406  0.3277801  2.0360266390E+33  3.4938480630E+10  9.8422674824E+33  3.4728656655E+08  4.0550995693E+00  6.123348E-01  3.968315E-01  1.867433E-01  0.000000E+00  0.000000E+00  0.000000E+00  0.000000E+00  0.000000E+00  1.665156E+00  1.108096E+15  3.457645E-01
  173 15.1215294  6.6864545  0.3038923  2.0490363939E+33  3.5343674419E+10  9.8863338589E+33  3.4736501533E+08  4.1340889936E+00  6.123276E-01  3.968096E-01  1.867964E-01  0.000000E+00  0.000000E+00  0.000000E+00  0.000000E+00  0.000000E+00  1.665089E+00  1.094144E+15  3.497745E-01
  174 15.0913116  6.6808086  0.2793165  2.0620461488E+33  3.5762253597E+10  9.9299994690E+33  3.4743523237E+08  4.2172938522E+00  6.123193E-01  3.967938E-01  1.868760E-01  0.000000E+00  0.000000E+00  0.000000E+00  0.000000E+00  0.000000E+00  1.665033E+00  1.079985E+15  3.539169E-01
  175 15.0601950  6.6749918  0.2540083  2.0750559037E+33  3.6195151177E+10  9.9732471324E+33  3.4750237199E+08  4.3050604319E+00  6.123140E-01  3.967803E-01  1.869843E-01  0.000000E+00  0.000000E+00  0.000000E+00  0.000000E+00  0.000000E+00  1.664986E+00  1.065607E+15  3.582010E-01
  176 15.0281198  6.6689918  0.2279215  2.0880656585E+33  3.6643397263E+10  1.0016058265E+34  3.4756388063E+08  4.3977999129E+00  6.123148E-01  3.967698E-01  1.871251E-01  0.000000E+00  0.000000E+00  0.000000E+00  0.000000E+00  0.000000E+00  1.664948E+00  1.050991E+15  3.626371E-01
  177 14.9950201  6.6627949  0.2010040  2.1010754134E+33  3.7108132023E+10  1.0058412707E+34  3.4760936650E+08  4.4959547150E+00  6.123200E-01  3.967665E-01  1.873017E-01  0.000000E+00  0.000000E+00  0.000000E+00  0.000000E+00  0.000000E+00  1.664918E+00  1.036117E+15  3.672362E-01
  178 14.9608227  6.6563857  0.1732000  2.1140851683E+33  3.7590621498E+10  1.0100288564E+34  3.4764338859E+08  4.6000455000E+00  6.123295E-01  3.967673E-01  1.875187E-01  0.000000E+00  0.000000E+00  0.000000E+00  0.000000E+00  0.000000E+00  1.664895E+00  1.020962E+15  3.720111E-01
  179 14.9254461  6.6497470  0.1444509  2.1270949232E+33  3.8092273955E+10  1.0141663391E+34  3.4771127239E+08  4.7106593578E+00  6.123405E-01  3.967499E-01  1.877818E-01  0.000000E+00  0.000000E+00  0.000000E+00  0.000000E+00  0.000000E+00  1.664862E+00  1.005480E+15  3.769757E-01
  180 14.8887991  6.6428593  0.1146844  2.1401046781E+33  3.8614664212E+10  1.0182513659E+34  3.4781814554E+08  4.8284468544E+00  6.123474E-01  3.967147E-01  1.880966E-01  0.000000E+00  0.000000E+00  0.000000E+00  0.000000E+00  0.000000E+00  1.664814E+00  9.896473E+14  3.821455E-01
  181 14.8507795  6.6357004  0.0838143  2.1531144330E+33  3.9159568729E+10  1.0222813041E+34  3.4791706525E+08  4.9541208149E+00  6.123426E-01  3.966845E-01  1.884688E-01  0.000000E+00  0.000000E+00  0.000000E+00  0.000000E+00  0.000000E+00  1.664764E+00  9.734594E+14  3.875380E-01
  182 14.8112716  6.6282452  0.0517462  2.1661241878E+33  3.9729002526E+10  1.0262532636E+34  3.4801631952E+08  5.0885077771E+00  6.123276E-01  3.966546E-01  1.889052E-01  0.000000E+00  0.000000E+00  0.000000E+00  0.000000E+00  0.000000E+00  1.664696E+00  9.568862E+14  3.931734E-01
  183 14.7701443  6.6204649  0.0183769  2.1791339427E+33  4.0325258931E+10  1.0301640952E+34  3.4809948188E+08  5.2325655178E+00  6.123174E-01  3.966337E-01  1.894145E-01  0.000000E+00  0.000000E+00  0.000000E+00  0.000000E+00  0.000000E+00  1.664629E+00  9.399069E+14  3.990742E-01
  184 14.7166406  6.6101907 -0.0248851  2.1953961363E+33  4.1116769366E+10  1.0349494026E+34  3.4816366861E+08  5.4317484161E+00  6.123186E-01  3.966267E-01  1.905528E-01  0.000000E+00  0.000000E+00  0.000000E+00  0.000000E+00  0.000000E+00  1.664568E+00  9.179675E+14  4.069073E-01
  185 14.6592370  6.5993533 -0.0714854  2.2116583299E+33  4.1949919280E+10  1.0396477034E+34  3.4823177814E+08  5.6433573614E+00  6.123329E-01  3.966147E-01  1.911265E-01  0.000000E+00  0.000000E+00  0.000000E+00  0.000000E+00  0.000000E+00  1.664508E+00  8.953817E+14  4.151524E-01
  186 14.6111018  6.5901304 -0.1104073  2.2246680848E+33  4.2663410311E+10  1.0433144419E+34  3.4839347305E+08  5.8322547641E+00  6.123464E-01  3.965461E-01  1.920251E-01  0.000000E+00  0.000000E+00  0.000000E+00  0.000000E+00  0.000000E+00  1.664375E+00  8.765169E+14  4.222134E-01
  187 14.5604629  6.5803783 -0.1513108  2.2376778397E+33  4.3419147605E+10  1.0469012303E+34  3.4854103140E+08  6.0376302945E+00  6.123453E-01  3.964850E-01  1.930705E-01  0.000000E+00  0.000000E+00  0.000000E+00  0.000000E+00  0.000000E+00  1.664228E+00  8.570112E+14  4.296925E-01
  188 14.5070224  6.5700258 -0.1944272  2.2506875946E+33  4.4222337394E+10  1.0504026879E+34  3.4866652143E+08  6.2617306655E+00  6.123274E-01  3.964419E-01  1.942879E-01  0.000000E+00  0.000000E+00  0.000000E+00  0.000000E+00  0.000000E+00  1.664098E+00  8.368133E+14  4.376411E-01
  189 14.4504240  6.5589863 -0.2400249  2.2636973495E+33  4.5079194467E+10  1.0538127584E+34  3.4875494926E+08  6.5072605273E+00  6.123133E-01  3.964199E-01  1.957102E-01  0.000000E+00  0.000000E+00  0.000000E+00  0.000000E+00  0.000000E+00  1.664014E+00  8.158419E+14  4.461209E-01
  190 14.3902368  6.5471531 -0.2884219  2.2767071043E+33  4.5997209220E+10  1.0571244565E+34  3.4878770610E+08  6.7774969155E+00  6.123175E-01  3.964151E-01  1.973804E-01  0.000000E+00  0.000000E+00  0.000000E+00  0.000000E+00  0.000000E+00  1.663987E+00  7.939784E+14  4.552059E-01
  191 14.3259319  6.5343922 -0.3399913  2.2897168592E+33  4.6985502825E+10  1.0603301765E+34  3.4898710009E+08  7.0765027144E+00  6.123336E-01  3.963342E-01  1.993576E-01  0.000000E+00  0.000000E+00  0.000000E+00  0.000000E+00  0.000000E+00  1.663850E+00  7.709698E+14  4.649865E-01
  192 14.2740316  6.5241882 -0.3817103  2.2994741754E+33  4.7771604279E+10  1.0626716202E+34  3.4918563927E+08  7.3135962993E+00  6.123454E-01  3.962547E-01  2.004343E-01  0.000000E+00  0.000000E+00  0.000000E+00  0.000000E+00  0.000000E+00  1.663701E+00  7.530384E+14  4.727660E-01
  193 14.2380907  6.5169621 -0.4104419  2.3059790528E+33  4.8329843238E+10  1.0641882340E+34  3.4930243569E+08  7.4874330547E+00  6.123529E-01  3.962106E-01  2.016182E-01  0.000000E+00  0.000000E+00  0.000000E+00  0.000000E+00  0.000000E+00  1.663617E+00  7.406039E+14  4.782906E-01
  194 14.2006817  6.5093946 -0.4403045  2.3124839303E+33  4.8913114488E+10  1.0656732129E+34  3.4940049855E+08  7.6710009839E+00  6.123604E-01  3.961779E-01  2.029047E-01  0.000000E+00  0.000000E+00  0.000000E+00  0.000000E+00  0.000000E+00  1.663556E+00  7.278196E+14  4.840629E-01
  195 14.1616688  6.5014501 -0.4713968  2.3189888077E+33  4.9523719250E+10  1.0671252000E+34  3.4948572900E+08  7.8650688852E+00  6.123627E-01  3.961493E-01  2.043051E-01  0.000000E+00  0.000000E+00  0.000000E+00  0.000000E+00  0.000000E+00  1.663505E+00  7.146439E+14  4.901056E-01
  196 14.1208953  6.4930887 -0.5038349  2.3254936851E+33  5.0164290617E+10  1.0685428819E+34  3.4953244587E+08  8.0676833966E+00  6.123566E-01  3.961347E-01  2.057585E-01  0.000000E+00  0.000000E+00  0.000000E+00  0.000000E+00  0.000000E+00  1.663455E+00  7.010374E+14  4.964450E-01
  197 14.0781800  6.4842645 -0.5377523  2.3319985626E+33  5.0837863348E+10  1.0699248600E+34  3.4952866050E+08  8.2811560738E+00  6.123414E-01  3.961385E-01  2.073143E-01  0.000000E+00  0.000000E+00  0.000000E+00  0.000000E+00  0.000000E+00  1.663404E+00  6.869580E+14  5.031109E-01
  198 14.0333109  6.4749225 -0.5733031  2.3385034400E+33  5.1547959595E+10  1.0712696341E+34  3.4951937959E+08  8.5068818388E+00  6.123282E-01  3.961403E-01  2.089988E-01  0.000000E+00  0.000000E+00  0.000000E+00  0.000000E+00  0.000000E+00  1.663348E+00  6.723527E+14  5.101383E-01
  199 13.9860380  6.4649974 -0.6106655  2.3450083175E+33  5.2298697455E+10  1.0725757358E+34  3.4966926451E+08  8.7442680980E+00  6.123423E-01  3.960678E-01  2.107885E-01  0.000000E+00  0.000000E+00  0.000000E+00  0.000000E+00  0.000000E+00  1.663247E+00  6.571436E+14  5.175679E-01
  200 13.9360636  6.4544120 -0.6500740  2.3515131949E+33  5.3094955362E+10  1.0738415995E+34  3.4978220301E+08  8.9947329467E+00  6.123700E-01  3.960134E-01  2.127102E-01  0.000000E+00  0.000000E+00  0.000000E+00  0.000000E+00  0.000000E+00  1.663178E+00  6.413222E+14  5.254480E-01
  201 13.8830289  6.4430716 -0.6917964  2.3580180723E+33  5.3942582053E+10  1.0750654351E+34  3.4983803559E+08  9.2595731553E+00  6.123936E-01  3.959916E-01  2.147894E-01  0.000000E+00  0.000000E+00  0.000000E+00  0.000000E+00  0.000000E+00  1.663118E+00  6.248105E+14  5.338364E-01
  202 13.8264958  6.4308596 -0.7361418  2.3645229498E+33  5.4848643590E+10  1.0762453084E+34  3.4998147375E+08  9.5397763826E+00  6.123744E-01  3.959276E-01  2.170475E-01  0.000000E+00  0.000000E+00  0.000000E+00  0.000000E+00  0.000000E+00  1.662986E+00  6.074718E+14  5.428031E-01
  203 13.7659216  6.4176306 -0.7835066  2.3710278272E+33  5.5821794490E+10  1.0773790918E+34  3.5013438202E+08  9.8361475974E+00  6.123626E-01  3.958464E-01  2.195066E-01  0.000000E+00  0.000000E+00  0.000000E+00  0.000000E+00  0.000000E+00  1.662823E+00  5.892154E+14  5.524338E-01
  204 13.7169686  6.4070173 -0.8218668  2.3759064853E+33  5.6594432771E+10  1.0782025697E+34  3.5019735438E+08  1.0056107803E+01  6.123777E-01  3.958060E-01  2.207963E-01  0.000000E+00  0.000000E+00  0.000000E+00  0.000000E+00  0.000000E+00  1.662726E+00  5.749846E+14  5.600801E-01
  205 13.6829398  6.3994811 -0.8483762  2.3791589240E+33  5.7142061150E+10  1.0787332256E+34  3.5019537845E+08  1.0213382107E+01  6.123958E-01  3.958011E-01  2.220584E-01  0.000000E+00  0.000000E+00  0.000000E+00  0.000000E+00  0.000000E+00  1.662695E+00  5.651041E+14  5.654997E-01
  206 13.6474429  6.3915789 -0.8759795  2.3824113628E+33  5.7713600992E+10  1.0792517109E+34  3.5029895599E+08  1.0362162458E+01  6.124038E-01  3.957569E-01  2.230874E-01  0.000000E+00  0.000000E+00  0.000000E+00  0.000000E+00  0.000000E+00  1.662617E+00  5.548999E+14  5.711558E-01
  207 13.6103333  6.3832797 -0.9047940  2.3856638015E+33  5.8311281199E+10  1.0797580200E+34  3.5042957813E+08  1.0512756294E+01  6.124001E-01  3.956978E-01  2.240988E-01  0.000000E+00  0.000000E+00  0.000000E+00  0.000000E+00  0.000000E+00  1.662535E+00  5.443749E+14  5.770707E-01
  208 13.5714428  6.3745432 -0.9349524  2.3889162402E+33  5.8937682040E+10  1.0802519565E+34  3.5052845064E+08  1.0664990454E+01  6.123886E-01  3.956441E-01  2.250847E-01  0.000000E+00  0.000000E+00  0.000000E+00  0.000000E+00  0.000000E+00  1.662456E+00  5.335133E+14  5.832698E-01
  209 13.5305751  6.3653227 -0.9666083  2.3921686789E+33  5.9595810021E+10  1.0807333254E+34  3.5058045131E+08  1.0818695476E+01  6.123811E-01  3.956072E-01  2.260359E-01  0.000000E+00  0.000000E+00  0.000000E+00  0.000000E+00  0.000000E+00  1.662385E+00  5.222941E+14  5.897829E-01
  210 13.4874985  6.3555635 -0.9999420  2.3954211176E+33  6.0289196488E+10  1.0812019442E+34  3.5057304256E+08  1.0973706963E+01  6.123862E-01  3.955982E-01  2.269417E-01  0.000000E+00  0.000000E+00  0.000000E+00  0.000000E+00  0.000000E+00  1.662342E+00  5.106942E+14  5.966449E-01
  211 13.4419371  6.3452008 -1.0351496  2.3986735564E+33  6.1022012421E+10  1.0816576508E+34  3.5068435975E+08  1.1130206149E+01  6.124023E-01  3.955484E-01  2.277968E-01  0.000000E+00  0.000000E+00  0.000000E+00  0.000000E+00  0.000000E+00  1.662250E+00  4.986354E+14  6.038971E-01
  212 13.3935583  6.3341568 -1.0724878  2.4019259951E+33  6.1799239807E+10  1.0821002572E+34  3.5085216498E+08  1.1288183476E+01  6.124183E-01  3.954733E-01  2.285886E-01  0.000000E+00  0.000000E+00  0.000000E+00  0.000000E+00  0.000000E+00  1.662122E+00  4.860813E+14  6.115889E-01
  213 13.3419561  6.3223374 -1.1122771  2.4051784338E+33  6.2626928356E+10  1.0825295133E+34  3.5096780951E+08  1.1447616981E+01  6.124343E-01  3.954096E-01  2.293007E-01  0.000000E+00  0.000000E+00  0.000000E+00  0.000000E+00  0.000000E+00  1.662000E+00  4.730035E+14  6.197800E-01
  214 13.2866279  6.3096269 -1.1549051  2.4084308725E+33  6.3512526078E+10  1.0829451355E+34  3.5100060528E+08  1.1608822617E+01  6.124320E-01  3.953727E-01  2.299177E-01  0.000000E+00  0.000000E+00  0.000000E+00  0.000000E+00  0.000000E+00  1.661894E+00  4.593422E+14  6.285442E-01
  215 13.2269403  6.2958803 -1.2008518  2.4116833112E+33  6.4465335085E+10  1.0833468562E+34  3.5105774803E+08  1.1771847363E+01  6.124142E-01  3.953268E-01  2.304106E-01  0.000000E+00  0.000000E+00  0.000000E+00  0.000000E+00  0.000000E+00  1.661759E+00  4.450001E+14  6.379736E-01
  216 13.1784323  6.2848656 -1.2383505  2.4141226403E+33  6.5223159285E+10  1.0836402232E+34  3.5125539385E+08  1.1878851928E+01  6.124138E-01  3.952329E-01  2.299650E-01  0.000000E+00  0.000000E+00  0.000000E+00  0.000000E+00  0.000000E+00  1.661586E+00  4.338161E+14  6.454733E-01
  217 13.1444867  6.2770575 -1.2644955  2.4157488596E+33  6.5761580520E+10  1.0838304241E+34  3.5135409256E+08  1.1959663301E+01  6.124219E-01  3.951813E-01  2.299729E-01  0.000000E+00  0.000000E+00  0.000000E+00  0.000000E+00  0.000000E+00  1.661490E+00  4.260690E+14  6.508017E-01
  218 13.1089000  6.2688726 -1.2919071  2.4173750790E+33  6.6324748500E+10  1.0840169395E+34  3.5142851643E+08  1.2041664896E+01  6.124375E-01  3.951342E-01  2.299216E-01  0.000000E+00  0.000000E+00  0.000000E+00  0.000000E+00  0.000000E+00  1.661406E+00  4.181025E+14  6.563750E-01
  219 13.0714920  6.2602715 -1.3207238  2.4190012984E+33  6.6915238418E+10  1.0841996810E+34  3.5146712184E+08  1.2125358916E+01  6.124505E-01  3.950970E-01  2.298080E-01  0.000000E+00  0.000000E+00  0.000000E+00  0.000000E+00  0.000000E+00  1.661338E+00  4.098962E+14  6.622188E-01
  220 13.0360249  6.2521519 -1.3480821  2.4204648958E+33  6.7471100614E+10  1.0843610178E+34  3.5145593403E+08  1.2199621453E+01  6.124586E-01  3.950816E-01  2.295252E-01  0.000000E+00  0.000000E+00  0.000000E+00  0.000000E+00  0.000000E+00  1.661295E+00  4.023036E+14  6.677198E-01
  221 13.0030221  6.2445788 -1.3735241  2.4217658713E+33  6.7989192099E+10  1.0845015721E+34  3.5139614183E+08  1.2269731010E+01  6.124616E-01  3.950901E-01  2.293145E-01  0.000000E+00  0.000000E+00  0.000000E+00  0.000000E+00  0.000000E+00  1.661277E+00  3.953559E+14  6.728470E-01
  222 12.9684249  6.2366477 -1.4001913  2.4230668468E+33  6.8530823375E+10  1.0846395183E+34  3.5153183437E+08  1.2342516765E+01  6.124709E-01  3.950317E-01  2.290600E-01  0.000000E+00  0.000000E+00  0.000000E+00  0.000000E+00  0.000000E+00  1.661175E+00  3.881786E+14  6.782072E-01
  223 12.9320592  6.2283211 -1.4282307  2.4243678222E+33  6.9098422457E+10  1.0847747761E+34  3.5169726042E+08  1.2418469494E+01  6.124796E-01  3.949611E-01  2.287576E-01  0.000000E+00  0.000000E+00  0.000000E+00  0.000000E+00  0.000000E+00  1.661060E+00  3.807811E+14  6.838244E-01
  224 12.8937204  6.2195549 -1.4578066  2.4256687977E+33  6.9694839384E+10  1.0849072345E+34  3.5183587093E+08  1.2498482548E+01  6.124876E-01  3.948981E-01  2.284077E-01  0.000000E+00  0.000000E+00  0.000000E+00  0.000000E+00  0.000000E+00  1.660954E+00  3.731509E+14  6.897267E-01
  225 12.8531655  6.2102967 -1.4891095  2.4269697732E+33  7.0323441218E+10  1.0850367539E+34  3.5194450073E+08  1.2583843477E+01  6.124942E-01  3.948431E-01  2.280152E-01  0.000000E+00  0.000000E+00  0.000000E+00  0.000000E+00  0.000000E+00  1.660853E+00  3.652634E+14  6.959476E-01
  226 12.8101029  6.2004830 -1.5223689  2.4282707487E+33  7.0988244434E+10  1.0851631143E+34  3.5201729595E+08  1.2676343972E+01  6.125054E-01  3.947987E-01  2.275905E-01  0.000000E+00  0.000000E+00  0.000000E+00  0.000000E+00  0.000000E+00  1.660744E+00  3.570875E+14  7.025268E-01
  227 12.7641785  6.1900295 -1.5578548  2.4295717242E+33  7.1694089718E+10  1.0852859855E+34  3.5202047683E+08  1.2794064991E+01  6.125230E-01  3.947791E-01  2.274443E-01  0.000000E+00  0.000000E+00  0.000000E+00  0.000000E+00  0.000000E+00  1.660641E+00  3.485854E+14  7.095121E-01
  228 12.7149562  6.1788289 -1.5958942  2.4308726997E+33  7.2446877103E+10  1.0854049876E+34  3.5192770932E+08  1.2928250213E+01  6.125326E-01  3.947934E-01  2.274058E-01  0.000000E+00  0.000000E+00  0.000000E+00  0.000000E+00  0.000000E+00  1.660586E+00  3.397127E+14  7.169620E-01
  229 12.6618900  6.1667498 -1.6368907  2.4321736752E+33  7.3253897966E+10  1.0855196950E+34  3.5205703680E+08  1.3083342045E+01  6.125233E-01  3.947279E-01  2.275329E-01  0.000000E+00  0.000000E+00  0.000000E+00  0.000000E+00  0.000000E+00  1.660509E+00  3.303862E+14  7.249485E-01
  230 12.6188894  6.1570902 -1.6702439  2.4331494068E+33  7.3893810744E+10  1.0856030876E+34  3.5219516243E+08  1.3201556360E+01  6.125201E-01  3.946622E-01  2.272204E-01  0.000000E+00  0.000000E+00  0.000000E+00  0.000000E+00  0.000000E+00  1.660429E+00  3.231124E+14  7.312814E-01
  231 12.5887733  6.1502428 -1.6935213  2.4337998945E+33  7.4346848295E+10  1.0856567323E+34  3.5224885476E+08  1.3298670222E+01  6.125213E-01  3.946325E-01  2.274099E-01  0.000000E+00  0.000000E+00  0.000000E+00  0.000000E+00  0.000000E+00  1.660379E+00  3.180546E+14  7.357648E-01
  232 12.5572287  6.1430628 -1.7178968  2.4344503823E+33  7.4819524140E+10  1.0857089215E+34  3.5226830280E+08  1.3405572317E+01  6.125259E-01  3.946159E-01  2.277020E-01  0.000000E+00  0.000000E+00  0.000000E+00  0.000000E+00  0.000000E+00  1.660329E+00  3.128380E+14  7.404426E-01
  233 12.5241045  6.1355110 -1.7434816  2.4351008700E+33  7.5313769696E+10  1.0857595179E+34  3.5225952037E+08  1.3524274571E+01  6.125358E-01  3.946117E-01  2.281301E-01  0.000000E+00  0.000000E+00  0.000000E+00  0.000000E+00  0.000000E+00  1.660282E+00  3.074453E+14  7.453338E-01
  234 12.4892241  6.1275404 -1.7704012  2.4357513578E+33  7.5831819328E+10  1.0858083558E+34  3.5227578829E+08  1.3657513483E+01  6.125482E-01  3.945966E-01  2.287419E-01  0.000000E+00  0.000000E+00  0.000000E+00  0.000000E+00  0.000000E+00  1.660217E+00  3.018493E+14  7.504606E-01
  235 12.4523787  6.1190932 -1.7988030  2.4364018455E+33  7.6376275910E+10  1.0858552290E+34  3.5242234292E+08  1.3808795395E+01  6.125575E-01  3.945283E-01  2.296023E-01  0.000000E+00  0.000000E+00  0.000000E+00  0.000000E+00  0.000000E+00  1.660093E+00  2.960152E+14  7.558488E-01
  236 12.4133196  6.1100976 -1.8288699  2.4370523333E+33  7.6950203865E+10  1.0858998748E+34  3.5255213054E+08  1.3982713053E+01  6.125636E-01  3.944614E-01  2.308006E-01  0.000000E+00  0.000000E+00  0.000000E+00  0.000000E+00  0.000000E+00  1.659985E+00  2.899302E+14  7.615286E-01
  237 12.3717465  6.1004626 -1.8608117  2.4377028210E+33  7.7557247075E+10  1.0859419308E+34  3.5262667402E+08  1.4185852150E+01  6.125768E-01  3.944147E-01  2.324710E-01  0.000000E+00  0.000000E+00  0.000000E+00  0.000000E+00  0.000000E+00  1.659898E+00  2.835565E+14  7.675361E-01
  238 12.3272926  6.0900611 -1.8948730  2.4383533087E+33  7.8201773522E+10  1.0859808940E+34  3.5262399900E+08  1.4449201779E+01  6.125969E-01  3.944022E-01  2.351846E-01  0.000000E+00  0.000000E+00  0.000000E+00  0.000000E+00  0.000000E+00  1.659855E+00  2.768445E+14  7.739146E-01
  239 12.2795027  6.0787207 -1.9313379  2.4390037965E+33  7.8889065651E+10  1.0860161049E+34  3.5252045980E+08  1.4770699556E+01  6.126222E-01  3.944348E-01  2.390212E-01  0.000000E+00  0.000000E+00  0.000000E+00  0.000000E+00  0.000000E+00  1.659879E+00  2.697224E+14  7.807163E-01
  240 12.2278020  6.0662074 -1.9705231  2.4396542842E+33  7.9625559603E+10  1.0860466595E+34  3.5266325778E+08  1.5172742157E+01  6.126418E-01  3.943692E-01  2.445390E-01  0.000000E+00  0.000000E+00  0.000000E+00  0.000000E+00  0.000000E+00  1.659769E+00  2.620431E+14  7.880049E-01
  241 12.1858020  6.0559858 -2.0023007  2.4401421500E+33  8.0209210725E+10  1.0860664505E+34  3.5271258019E+08  1.5522189736E+01  6.126510E-01  3.943415E-01  2.494850E-01  0.000000E+00  0.000000E+00  0.000000E+00  0.000000E+00  0.000000E+00  1.659697E+00  2.559360E+14  7.937810E-01
  242 12.1562793  6.0485466 -2.0243809  2.4404673939E+33  8.0622022201E+10  1.0860771031E+34  3.5268123056E+08  1.5814282956E+01  6.126529E-01  3.943459E-01  2.542855E-01  0.000000E+00  0.000000E+00  0.000000E+00  0.000000E+00  0.000000E+00  1.659690E+00  2.515865E+14  7.978663E-01
  243 12.1252775  6.0405667 -2.0473947  2.4407926378E+33  8.1052316333E+10  1.0860856395E+34  3.5261794001E+08  1.6155222485E+01  6.126498E-01  3.943603E-01  2.602845E-01  0.000000E+00  0.000000E+00  0.000000E+00  0.000000E+00  0.000000E+00  1.659703E+00  2.470032E+14  8.021247E-01
  244 12.0926311  6.0319401 -2.0713913  2.4411178817E+33  8.1501647572E+10  1.0860916470E+34  3.5264939491E+08  1.6559915664E+01  6.126448E-01  3.943432E-01  2.679155E-01  0.000000E+00  0.000000E+00  0.000000E+00  0.000000E+00  0.000000E+00  1.659680E+00  2.421289E+14  8.065714E-01
  245 12.0581443  6.0225238 -2.0964345  2.4414431255E+33  8.1971755517E+10  1.0860945673E+34  3.5263161255E+08  1.7049035717E+01  6.126502E-01  3.943468E-01  2.778187E-01  0.000000E+00  0.000000E+00  0.000000E+00  0.000000E+00  0.000000E+00  1.659658E+00  2.369176E+14  8.112238E-01
  246 12.0215830  6.0121167 -2.1225548  2.4417683694E+33  8.2464575603E+10  1.0860936152E+34  3.5254154422E+08  1.7654831276E+01  6.126628E-01  3.943764E-01  2.910274E-01  0.000000E+00  0.000000E+00  0.000000E+00  0.000000E+00  0.000000E+00  1.659677E+00  2.312924E+14  8.161009E-01
  247 11.9826639  6.0004234 -2.1497382  2.4420936133E+33  8.2982217829E+10  1.0860876785E+34  3.5231751166E+08  1.8428944941E+01  6.126782E-01  3.944546E-01  3.092892E-01  0.000000E+00  0.000000E+00  0.000000E+00  0.000000E+00  0.000000E+00  1.659781E+00  2.251401E+14  8.212237E-01
  248 11.9410386  5.9870094 -2.1778758  2.4424188571E+33  8.3526896731E+10  1.0860750152E+34  3.5220089549E+08  1.9386315391E+01  6.127024E-01  3.945265E-01  3.344470E-01  0.000000E+00  0.000000E+00  0.000000E+00  0.000000E+00  0.000000E+00  1.659986E+00  2.182824E+14  8.266141E-01
  249 11.8962714  5.9711170 -2.2066515  2.4427441010E+33  8.4100731779E+10  1.0860551364E+34  3.5188578703E+08  2.0787447533E+01  6.127324E-01  3.946840E-01  3.744294E-01  0.000000E+00  0.000000E+00  0.000000E+00  0.000000E+00  0.000000E+00  1.660284E+00  2.104288E+14  8.322930E-01
  250 11.8478063  5.9524532 -2.2363257  2.4430693449E+33  8.4705978157E+10  1.0860312400E+34  3.5132837657E+08  2.2814180511E+01  6.127565E-01  3.949400E-01  4.364119E-01  3.949408E-01  0.000000E+00  0.000000E+00  0.000000E+00  0.000000E+00  1.660488E+00  2.015430E+14  8.382827E-01
  251 11.7949184  5.9315471 -2.2681411  2.4433945888E+33  8.5346182070E+10  1.0860072076E+34  3.5100817345E+08  2.5657965084E+01  6.127826E-01  3.951215E-01  5.267236E-01  3.951233E-01  0.000000E+00  0.000000E+00  0.000000E+00  0.000000E+00  1.660977E+00  1.920539E+14  8.446184E-01
  252 11.7515980  5.9145918 -2.2943843  2.4436385217E+33  8.5848521183E+10  1.0859898390E+34  3.5058695912E+08  2.8296901296E+01  6.127806E-01  3.953385E-01  6.145399E-01  3.953410E-01  0.000000E+00  0.000000E+00  0.000000E+00  0.000000E+00  1.661425E+00  1.846984E+14  8.495897E-01
  253 11.7208801  5.9024421 -2.3128721  2.4438011436E+33  8.6200421335E+10  1.0859787143E+34  3.5021669858E+08  3.0381791999E+01  6.127737E-01  3.955235E-01  6.874993E-01  3.955264E-01  0.000000E+00  0.000000E+00  0.000000E+00  0.000000E+00  1.661782E+00  1.796082E+14  8.530723E-01
  254 11.6883866  5.8895857 -2.3324090  2.4439637655E+33  8.6565032877E+10  1.0859679032E+34  3.5013276487E+08  3.2708470455E+01  6.127856E-01  3.955810E-01  7.730683E-01  3.955844E-01  0.000000E+00  0.000000E+00  0.000000E+00  0.000000E+00  1.662017E+00  1.743537E+14  8.566806E-01
  255 11.6538837  5.8759311 -2.3531608  2.4441263875E+33  8.6943698909E+10  1.0859574151E+34  3.4996799393E+08  3.5313836235E+01  6.128065E-01  3.956785E-01  8.741481E-01  3.956824E-01  0.000000E+00  0.000000E+00  0.000000E+00  0.000000E+00  1.662236E+00  1.689419E+14  8.604280E-01
  256 11.6170881  5.8613640 -2.3752917  2.4442890094E+33  8.7338019440E+10  1.0859472620E+34  3.4970938742E+08  3.8286525427E+01  6.128254E-01  3.958146E-01  9.956933E-01  3.958190E-01  0.000000E+00  0.000000E+00  0.000000E+00  0.000000E+00  1.662525E+00  1.633609E+14  8.643304E-01
  257 11.5776508  5.8457437 -2.3990111  2.4444516313E+33  8.7749909758E+10  1.0859374569E+34  3.4930952220E+08  4.1704937537E+01  6.128399E-01  3.960086E-01  1.143611E+00  3.960135E-01  0.000000E+00  0.000000E+00  0.000000E+00  0.000000E+00  1.662924E+00  1.575921E+14  8.684066E-01
  258 11.5351360  5.8288991 -2.4245463  2.4446142533E+33  8.8181680456E+10  1.0859280107E+34  3.4930169027E+08  4.5671320941E+01  6.128631E-01  3.960081E-01  1.326066E+00  3.960136E-01  0.000000E+00  0.000000E+00  0.000000E+00  0.000000E+00  1.663145E+00  1.515697E+14  8.726796E-01
  259 11.4889892  5.8106127 -2.4522787  2.4447768752E+33  8.8636195340E+10  1.0859189363E+34  3.4920893741E+08  5.0306779393E+01  6.128917E-01  3.960524E-01  1.554228E+00  3.960586E-01  0.000000E+00  0.000000E+00  0.000000E+00  0.000000E+00  1.663318E+00  1.452925E+14  8.771776E-01
  260 11.4384893  5.7905944 -2.4826383  2.4449394972E+33  8.9117084753E+10  1.0859102531E+34  3.4895821336E+08  5.5767201299E+01  6.129134E-01  3.961697E-01  1.844199E+00  3.961767E-01  0.000000E+00  0.000000E+00  0.000000E+00  0.000000E+00  1.663601E+00  1.387321E+14  8.819367E-01
  261 11.3970649  5.7743314 -2.5077034  2.4450614636E+33  8.9494653097E+10  1.0859039685E+34  3.4871380649E+08  6.0457769460E+01  6.129237E-01  3.962809E-01  2.110981E+00  3.962887E-01  0.000000E+00  0.000000E+00  0.000000E+00  0.000000E+00  1.663894E+00  1.336269E+14  8.856733E-01
  262 11.3676042  5.7626536 -2.5253966  2.4451427746E+33  8.9759307142E+10  1.0858999360E+34  3.4870018266E+08  6.4005754976E+01  6.129297E-01  3.962743E-01  2.325336E+00  3.962826E-01  0.000000E+00  0.000000E+00  0.000000E+00  0.000000E+00  1.663917E+00  1.300566E+14  8.882924E-01
  263 11.3363886  5.7502798 -2.5441521  2.4452240855E+33  9.0033656449E+10  1.0858960134E+34  3.4863748344E+08  6.7907960599E+01  6.129334E-01  3.962862E-01  2.573069E+00  3.962950E-01  0.000000E+00  0.000000E+00  0.000000E+00  0.000000E+00  1.663955E+00  1.263811E+14  8.910074E-01
  264 11.3031850  5.7371166 -2.5641019  2.4453053965E+33  9.0318737717E+10  1.0858922045E+34  3.4855607656E+08  7.2177481976E+01  6.129472E-01  3.963100E-01  2.859996E+00  3.963194E-01  0.000000E+00  0.000000E+00  0.000000E+00  0.000000E+00  1.664034E+00  1.225883E+14  8.938287E-01
  265 11.2677095  5.7230517 -2.5854024  2.4453867075E+33  9.0615772791E+10  1.0858885127E+34  3.4855662419E+08  7.6949284273E+01  6.129812E-01  3.963103E-01  3.198428E+00  3.963205E-01  0.000000E+00  0.000000E+00  0.000000E+00  0.000000E+00  1.664137E+00  1.186591E+14  8.967683E-01
  266 11.2296127  5.7079460 -2.6082892  2.4454680184E+33  9.0926233205E+10  1.0858849426E+34  3.4849628438E+08  8.2352895843E+01  6.130109E-01  3.963342E-01  3.603470E+00  3.963452E-01  0.000000E+00  0.000000E+00  0.000000E+00  0.000000E+00  1.664257E+00  1.145836E+14  8.998407E-01
  267 11.1884570  5.6916254 -2.6330072  2.4455493294E+33  9.1251912919E+10  1.0858814991E+34  3.4845418322E+08  8.8576478297E+01  6.130300E-01  3.963473E-01  4.097052E+00  3.963592E-01  0.000000E+00  0.000000E+00  0.000000E+00  0.000000E+00  1.664391E+00  1.103366E+14  9.030638E-01
  268 11.1436841  5.6738681 -2.6598910  2.4456306404E+33  9.1595024320E+10  1.0858781876E+34  3.4845209320E+08  9.5882365739E+01  6.130425E-01  3.963470E-01  4.711206E+00  3.963600E-01  0.000000E+00  0.000000E+00  0.000000E+00  0.000000E+00  1.664556E+00  1.058946E+14  9.064593E-01
  269 11.0945663  5.6543837 -2.6893993  2.4457119513E+33  9.1958367387E+10  1.0858750152E+34  3.4834512628E+08  1.0466958837E+02  6.130564E-01  3.963964E-01  5.495637E+00  3.964106E-01  0.000000E+00  0.000000E+00  0.000000E+00  0.000000E+00  1.664752E+00  1.012314E+14  9.100551E-01
  270 11.0542128  5.6385295 -2.7137630  2.4457729346E+33  9.2243838355E+10  1.0858727171E+34  3.4844290994E+08  1.1254627037E+02  6.130765E-01  3.963482E-01  6.231323E+00  3.963635E-01  0.000000E+00  0.000000E+00  0.000000E+00  0.000000E+00  1.664835E+00  9.757690E+13  9.128802E-01
  271 11.0254412  5.6271227 -2.7310354  2.4458135901E+33  9.2444084137E+10  1.0858712413E+34  3.4849071673E+08  1.1873646181E+02  6.130959E-01  3.963257E-01  6.834092E+00  3.963419E-01  0.000000E+00  0.000000E+00  0.000000E+00  0.000000E+00  1.664894E+00  9.503052E+13  9.148620E-01
  272 11.0103742  5.6212134 -2.7401630  2.4458339178E+33  9.2545981468E+10  1.0858705130E+34  3.4850443511E+08  1.2207919438E+02  6.130874E-01  3.963233E-01  7.166460E+00  3.963399E-01  0.000000E+00  0.000000E+00  0.000000E+00  0.000000E+00  1.664931E+00  9.374180E+13  9.158704E-01
